poly_id,cluster_p_taxi,n,m,k_avg,edge_length_total,edge_length_avg,streets_per_node_avg,intersection_count,street_length_total,street_segment_count,street_length_avg,circuity_avg,intersection_density_km2,street_density_km2,area_km2,p_walk,p_tpc,p_sitva,p_auto,p_moto,p_taxi,p_bike
0,2,41,92,4.487804878048781,6525.01211811319,70.9240447620999,3.1219512195121952,37,3625.2804157124633,53,68.40151727759364,1.004866041750792,151.59062432809904,14852.933015737372,0.24407841951965384,0.721,0.017,0.128,0.05,0.066,0.017,0.0
1,0,35,58,3.3142857142857145,8503.383562630617,146.61006142466582,2.6285714285714286,28,5806.94998360397,38,152.81447325273606,1.048295318917446,22.90826540502232,4750.969693503205,1.2222662652520775,0.373,0.194,0.092,0.146,0.195,0.0,0.0
2,0,100,201,4.02,50343.25496855023,250.46395506741408,2.22,60,28096.295796613267,106,265.05939430767233,1.3790202635504334,6.434119515386235,3012.915418250894,9.325285278975464,0.258,0.337,0.056,0.153,0.099,0.01,0.013
3,0,58,117,4.0344827586206895,17447.779355092756,149.12631927429706,2.7241379310344827,48,10328.39663535714,68,151.88818581407557,1.1599023615618407,30.576230950567464,6579.238351494663,1.5698468551471079,0.464,0.27,0.097,0.015,0.108,0.015,0.03
4,3,211,429,4.0663507109004735,119803.71021735675,279.26272777938635,2.251184834123223,130,60344.16800564273,228,264.6674035335207,1.1978504360911195,4.5045395839532025,2090.9437957087694,28.859775250528816,0.08,0.063,0.075,0.589,0.09,0.009,0.003
5,0,16,30,3.75,2530.123819567517,84.33746065225056,2.0625,8,1265.0619097837584,15,84.33746065225056,1.0876146987020079,33.97471611216069,5372.514906151379,0.23546922286530986,0.132,0.314,0.132,0.033,0.177,0.106,0.079
6,0,3,4,2.6666666666666665,697.4318262192004,174.3579565548001,1.6666666666666667,1,348.71591310960025,2,174.35795655480013,1.2931315518087918,1.9078490317425836,665.2973171793818,0.5241504874663085,0.332,0.0,0.266,0.0,0.335,0.0,0.066
7,0,18,38,4.222222222222222,15171.964404104188,399.26222116063656,2.5555555555555554,14,7585.982202052095,19,399.26222116063656,1.260579402596096,4.399409396195583,2383.8458127914605,3.182245328681297,0.071,0.61,0.0,0.034,0.285,0.0,0.0
8,1,294,721,4.904761904761905,49677.85891307611,68.9013299765272,2.9149659863945576,240,28331.774688690406,416,68.10522761704425,1.053383348534438,118.99232251406237,14046.93196313499,2.0169368487755763,0.402,0.271,0.136,0.064,0.086,0.006,0.014
9,0,63,139,4.412698412698413,17968.661037773694,129.27094271779637,2.492063492063492,44,9004.181977814813,71,126.81946447626497,1.0604646626691474,35.17397140521225,7198.019077613312,1.2509249948807277,0.15,0.385,0.168,0.07,0.111,0.035,0.016
10,0,37,76,4.108108108108108,14683.29158640911,193.20120508433038,2.108108108108108,20,7341.645793204554,38,193.20120508433038,1.250681210010108,4.962912031022476,1821.7971117300217,4.029892102657223,0.311,0.094,0.131,0.153,0.221,0.0,0.022
11,0,4,6,3.0,705.8921309543064,117.6486884923844,2.5,3,352.9460654771532,3,117.6486884923844,1.0252495530724213,15.460512828498258,1818.9090576925041,0.19404272246843718,0.767,0.0,0.153,0.0,0.022,0.057,0.0
12,0,27,47,3.4814814814814814,2875.2582062968386,61.175706516954016,2.4814814814814814,19,1510.193988998672,26,58.084384192256614,1.0183840234410946,133.56647675945032,10616.383701781722,0.14225126289898696,0.241,0.295,0.034,0.107,0.241,0.08,0.0
13,0,5,8,3.2,674.1944059699208,84.2743007462401,2.2,3,337.0972029849604,4,84.2743007462401,1.0345930840058257,24.67519983280557,2772.64694891124,0.1215795624889535,0.309,0.206,0.206,0.124,0.052,0.052,0.0
14,0,21,44,4.190476190476191,3223.496818180146,73.26129132227605,2.5714285714285716,14,1717.3696392856093,24,71.55706830356705,1.0029871736445075,56.762733445008315,6963.042504379938,0.24664069452474813,0.309,0.515,0.0,0.103,0.0,0.0,0.0
15,0,25,46,3.68,5004.633406628435,108.79637840496598,2.28,16,2892.4425631466192,27,107.12750233876368,1.1722007818419555,8.198532412190257,1482.1115065222639,1.9515687925085075,0.266,0.17,0.28,0.023,0.138,0.026,0.006
16,0,29,60,4.137931034482759,12328.87382413774,205.48123040229567,2.5172413793103448,21,6164.436912068865,30,205.4812304022955,1.175098032480378,18.9927735590191,5575.226399513471,1.105683692523556,0.395,0.226,0.165,0.099,0.072,0.029,0.0
17,0,24,50,4.166666666666667,6081.931299940172,121.63862599880343,2.375,16,3415.579464811535,27,126.50294314116798,1.2419757218307972,16.222235477438655,3463.0208981297887,0.9863005639544727,0.056,0.341,0.298,0.0,0.022,0.0,0.0
18,0,34,48,2.823529411764706,4633.750371974492,96.53646608280191,3.0,33,4260.6468233998985,44,96.83288234999769,1.1901326957471101,120.95107747530497,15616.05527369555,0.2728375859796514,0.033,0.188,0.437,0.151,0.113,0.066,0.001
19,0,27,40,2.962962962962963,4523.751416998689,113.09378542496722,2.8518518518518516,24,3845.8765419253964,34,113.11401593898225,1.0282800288291756,65.6473390861726,10519.648392972224,0.3655898370609687,0.109,0.084,0.331,0.126,0.267,0.047,0.0
20,1,171,300,3.508771929824561,20040.191356588468,66.8006378552949,2.9707602339181287,143,15802.792381543477,235,67.24592502784458,1.02828979963546,160.2644619248789,17710.67145411637,0.8922751699439686,0.31,0.146,0.152,0.182,0.109,0.038,0.014
21,0,16,22,2.75,3639.1577200454444,165.41626000206566,3.125,16,2559.097493014074,19,134.68934173758285,1.1223257016564625,41.410033080010386,6623.269490042779,0.38637979276871387,0.0,0.205,0.267,0.104,0.424,0.0,0.0
22,0,8,10,2.5,1419.9974921070275,141.99974921070276,3.125,8,1348.2435252116752,9,149.8048361346306,1.1117504746921185,32.43757553222405,5466.7188981107165,0.2466275567374837,0.412,0.162,0.152,0.069,0.069,0.069,0.0
23,0,58,101,3.4827586206896552,9053.392018791717,89.63754474051206,2.4482758620689653,41,5148.937780018827,62,83.04738354869076,1.100513353225899,66.67277365318627,8373.023491744749,0.6149436682096189,0.019,0.046,0.063,0.562,0.156,0.054,0.005
26,0,47,92,3.9148936170212765,21820.12262611954,237.17524593608195,2.0638297872340425,25,10910.061313059767,46,237.1752459360819,1.487030542566572,2.384958750243011,1040.8018477707858,10.482361591139751,0.211,0.295,0.097,0.096,0.106,0.008,0.009
27,0,5,8,3.2,443.688639139319,55.46107989241487,1.8,2,221.8443195696595,4,55.46107989241487,1.1416082746073457,8.716710037362075,966.8763035623053,0.22944436506749477,0.0,0.076,0.458,0.076,0.153,0.153,0.051
28,0,34,52,3.0588235294117645,6722.272708763554,129.27447516852988,3.264705882352941,34,5820.33040521051,48,121.25688344188563,1.011759828795881,66.555269058524,11393.342827302751,0.5108536180674561,0.08,0.037,0.45,0.207,0.184,0.018,0.0
29,1,108,255,4.722222222222222,21180.83368866885,83.06209289674058,2.814814814814815,92,11379.811022003736,137,83.06431402922435,1.093433429366558,95.8351524896423,11854.194832576522,0.9599817771453247,0.372,0.145,0.186,0.052,0.146,0.005,0.025
30,1,149,336,4.510067114093959,20704.175384585073,61.61956959697938,2.38255033557047,100,10352.087692292536,168,61.61956959697938,1.0929314157373906,160.84454438845992,16650.768283361765,0.6217183205075787,0.571,0.2,0.114,0.0,0.057,0.057,0.0
31,0,5,10,4.0,879.2407928331237,87.92407928331237,2.6,4,439.6203964165619,5,87.92407928331238,1.155668285736794,7.279839225104517,800.0914514973211,0.5494626840392305,0.496,0.103,0.062,0.059,0.094,0.089,0.0
32,2,62,118,3.806451612903226,9508.779454835798,80.58287673589659,3.0,60,6083.302551777186,83,73.29280182864079,1.0229073152143369,116.68454500290352,11830.456506152046,0.5142069157359871,0.114,0.076,0.116,0.41,0.067,0.086,0.034
33,2,35,73,4.171428571428572,4418.010973187045,60.520698262836234,2.657142857142857,28,2459.2020062123397,41,59.980536736886336,1.0029091034183928,98.90216185681261,8686.442673464682,0.2831080683609071,0.171,0.152,0.228,0.176,0.144,0.073,0.012
34,2,56,144,5.142857142857143,9729.397433051749,67.56525995174826,2.75,44,4912.643224132905,73,67.29648252236856,1.0269702223080266,115.61075933039507,12908.054851393757,0.3805874146562414,0.243,0.159,0.12,0.088,0.162,0.078,0.0
35,2,32,66,4.125,3816.4616974539217,57.82517723415033,3.09375,27,2517.8524982040053,44,57.22392041372739,1.0236772177705886,140.87003779342183,13136.665799268882,0.19166602368343236,0.167,0.233,0.167,0.12,0.188,0.042,0.021
36,1,141,368,5.219858156028369,24723.780054326366,67.1841849302347,2.971631205673759,124,13156.586685270855,194,67.81745714057142,1.0215815567855542,249.05918052274637,26425.55401862932,0.49787363685907243,0.463,0.286,0.036,0.041,0.097,0.053,0.0
37,0,9,18,4.0,1630.450710186879,90.58059501038217,2.111111111111111,5,815.2253550934395,9,90.58059501038217,1.0814677341500711,18.675874839372245,3045.009339521574,0.2677250754250646,0.589,0.145,0.112,0.055,0.099,0.0,0.0
38,2,13,25,3.8461538461538463,2287.01879751721,91.48075190068839,2.6153846153846154,10,1324.3536870114651,14,94.59669192939036,1.0288745375899582,146.63691301701226,19419.91364060597,0.06819565274699856,0.386,0.2,0.182,0.0,0.126,0.018,0.0
39,0,5,8,3.2,1058.8386872511196,132.35483590638995,2.6,4,529.4193436255598,4,132.35483590638995,1.4286598893779552,27.538343405413872,3644.832922557369,0.1452520197425392,0.711,0.171,0.039,0.0,0.079,0.0,0.0
41,0,16,36,4.5,2836.803747183992,78.80010408844423,2.9375,13,1418.4018735919965,18,78.80010408844424,1.0657487909218766,77.61795219165178,8468.726831770222,0.16748702629902956,0.54,0.122,0.148,0.0,0.12,0.027,0.042
42,0,6,10,3.3333333333333335,780.8335166908471,78.0833516690847,2.6666666666666665,5,390.41675834542355,5,78.0833516690847,1.0146466919663595,51.69045177066789,4036.163723542923,0.09672966338509127,0.153,0.469,0.323,0.0,0.0,0.0,0.0
43,2,18,48,5.333333333333333,2417.730457928197,50.36938454017078,3.3333333333333335,18,1208.8652289640988,24,50.369384540170785,1.1654669477323343,106.38154195763711,7144.497059787382,0.16920228517808003,0.46,0.077,0.275,0.026,0.107,0.025,0.0
44,2,16,28,3.5,1503.5081868109592,53.696720957534254,3.1875,16,976.7480754024017,18,54.263781966800096,1.031492529194692,326.61486540367287,19938.777573803247,0.04898736002179549,0.64,0.08,0.2,0.0,0.08,0.0,0.0
45,2,72,198,5.5,15797.384019048684,79.78476777297315,3.263888888888889,69,8198.01704444245,104,78.82708696579279,1.0225100708022388,182.54059062670757,21687.983670439717,0.37799811955853607,0.495,0.139,0.079,0.09,0.137,0.037,0.009
46,2,51,142,5.568627450980392,10596.83622111243,74.6256071909326,3.0,44,5298.418110556215,71,74.6256071909326,1.0741809853346451,145.30222801009094,17497.089918018963,0.30281710475178875,0.778,0.046,0.102,0.024,0.024,0.027,0.0
47,1,109,278,5.10091743119266,15822.817466449147,56.9166095915437,2.8073394495412844,91,7911.40873322457,139,56.91660959154367,1.0205788515648848,258.0248576351514,22432.3089239974,0.3526791985626226,0.468,0.229,0.158,0.019,0.082,0.018,0.0
48,0,4,5,2.5,269.2142319289918,53.84284638579836,3.0,4,205.16864951431344,3,68.38954983810449,1.0122161092411808,14.254979373657148,731.1687167369078,0.28060370310965876,0.422,0.184,0.322,0.015,0.056,0.0,0.0
49,1,117,313,5.35042735042735,18219.175915384876,58.208229761613026,2.888888888888889,104,9125.596534278098,157,58.12481868966942,1.035536235996905,266.1218057304258,23351.156039128877,0.3907984906180487,0.51,0.128,0.117,0.06,0.13,0.033,0.005
50,2,36,78,4.333333333333333,6031.20671114268,77.3231629633677,2.5555555555555554,26,3015.603355571341,39,77.32316296336772,1.079388092851193,123.82739669196837,14362.088960613977,0.20996968921730064,0.446,0.192,0.137,0.049,0.117,0.039,0.01
51,2,56,154,5.5,9762.908174767987,63.395507628363546,3.1607142857142856,51,4970.9374311972515,78,63.72996706663143,1.0113883786973128,239.41228016024823,23335.362057585513,0.21302165438574686,0.386,0.097,0.174,0.033,0.243,0.03,0.006
52,0,18,38,4.222222222222222,2575.144974633709,67.76697301667654,2.5,12,1287.5724873168544,19,67.76697301667654,1.0350841244944025,102.5065329033872,10998.71596138677,0.11706570947346397,0.518,0.103,0.22,0.022,0.091,0.034,0.011
53,2,66,164,4.96969696969697,9443.701104048894,57.58354331737131,2.742424242424242,49,4721.850552024447,82,57.58354331737131,1.0696045813134,171.57848628538173,16534.040207798953,0.28558358953289553,0.417,0.087,0.165,0.057,0.194,0.055,0.006
54,2,22,48,4.363636363636363,2905.2575644942194,60.52619926029624,3.0454545454545454,20,1452.628782247109,24,60.52619926029621,1.0301543273820544,255.06717393786192,18525.895913428394,0.07841071703280914,0.708,0.083,0.124,0.0,0.0,0.044,0.0
55,0,44,104,4.7272727272727275,4945.665798227849,47.55447882911393,2.5,31,2472.832899113924,52,47.554478829113926,1.0454964189812537,84.49577654755876,6740.126970418775,0.3668822427183865,0.421,0.206,0.196,0.045,0.131,0.0,0.0
56,2,11,22,4.0,1229.0787085305974,55.86721402411806,3.0,11,614.5393542652988,11,55.86721402411808,1.1200666523266898,269.40963112796635,15051.1655223848,0.04083001767214154,0.568,0.158,0.158,0.042,0.0,0.04,0.0
57,2,26,61,4.6923076923076925,3085.73096631485,50.58575354614508,3.230769230769231,26,1585.508502550731,31,51.145435566152614,1.017261159183412,468.5955703918297,28575.47158130214,0.055484946172793204,0.508,0.21,0.188,0.0,0.065,0.03,0.0
58,2,19,44,4.631578947368421,1978.603726608204,44.96826651382282,3.1578947368421053,18,989.3018633041015,22,44.9682665138228,1.0233014921369428,426.85254226876197,23460.334190143276,0.04216912918997339,0.374,0.012,0.43,0.061,0.123,0.0,0.0
59,2,25,54,4.32,4353.778831377538,80.62553391439886,2.96,23,2176.88941568877,27,80.62553391439889,1.1597012730113208,226.99983278879148,21484.93623308873,0.10132166053796171,0.419,0.06,0.281,0.0,0.198,0.042,0.0
60,2,14,30,4.285714285714286,1409.361399024393,46.9787133008131,2.9285714285714284,11,704.6806995121963,15,46.978713300813084,1.0150790351577565,206.97787332121408,13259.392050503626,0.05314577748573553,0.441,0.124,0.248,0.031,0.124,0.0,0.0
61,2,15,27,3.6,1263.37379694956,46.791622109242965,2.933333333333333,14,696.4233707302551,15,46.42822471535034,1.0184913013201027,236.87706758461366,11783.337561141077,0.05910238649420604,0.689,0.0,0.176,0.033,0.068,0.033,0.0
62,0,13,28,4.3076923076923075,1941.957630287575,69.35562965312768,2.3846153846153846,8,970.9788151437873,14,69.35562965312766,1.204916292717002,65.51088426453228,7951.210097774667,0.12211711213813084,0.494,0.132,0.271,0.033,0.0,0.069,0.0
63,2,50,118,4.72,7752.075645923867,65.69555632138871,2.82,43,3904.8246980760673,60,65.08041163460112,1.0653540893645743,199.63857118771284,18129.15403400926,0.2153892393848515,0.228,0.454,0.279,0.019,0.01,0.0,0.0
64,0,15,31,4.133333333333334,2372.871849915507,76.54425322308087,2.933333333333333,14,1397.2738369427075,18,77.62632427459486,1.0816705891635303,87.77274169206905,8760.182540218462,0.15950282206195468,0.473,0.083,0.178,0.054,0.115,0.032,0.009
65,2,70,195,5.571428571428571,15215.791761932604,78.02970134324413,3.3142857142857145,58,8001.337074030488,102,78.44448111794595,1.0082141769648854,147.4021296738814,20334.726292253046,0.3934814247821359,0.348,0.092,0.364,0.013,0.102,0.054,0.004
66,2,45,113,5.022222222222222,7606.132027637408,67.31090289944609,3.1333333333333333,41,4064.377779471956,60,67.73962965786593,1.0236992294533998,159.01277699369697,15763.121889397838,0.2578409155235694,0.359,0.171,0.179,0.084,0.129,0.039,0.0
67,2,23,46,4.0,3820.567599429763,83.05581737890789,3.0869565217391304,21,2305.3692613549842,29,79.49549177086152,1.1254050029111076,129.40685977378834,14206.218891950783,0.162278877925864,0.471,0.0,0.36,0.028,0.118,0.012,0.0
68,2,48,122,5.083333333333333,8568.96084482398,70.23738397396704,3.0208333333333335,41,4408.407974144432,64,68.88137459600675,1.0358054643193373,169.70678316379704,18247.23746745568,0.2415931716791058,0.468,0.132,0.197,0.024,0.114,0.042,0.006
69,2,58,137,4.724137931034483,11577.725359903525,84.50894423287244,3.4482758620689653,52,7220.320145807338,87,82.9921855839924,1.011217544762347,144.37917169760726,20047.381577754044,0.3601627533153508,0.355,0.136,0.221,0.108,0.069,0.037,0.014
70,2,60,170,5.666666666666667,14009.93103164837,82.4113590096963,3.4,52,7397.896503690847,90,82.19885004100941,1.000943966086431,138.02943707611985,19637.067114458514,0.37673123285522986,0.328,0.061,0.134,0.074,0.268,0.05,0.026
71,2,29,66,4.551724137931035,3689.9413551820558,55.90820235124327,2.793103448275862,22,1941.1922207704351,34,57.093888846189266,1.041637578224994,142.66287555892526,12588.002919442108,0.1542097053196797,0.302,0.053,0.194,0.07,0.178,0.1,0.0
72,2,50,119,4.76,8552.349218440719,71.86848082723293,3.22,43,4970.031456913508,71,70.00044305511983,1.0028583613105446,195.28719695757695,22571.70958166561,0.22018852577079628,0.496,0.131,0.188,0.048,0.078,0.024,0.0
73,2,39,78,4.0,6338.072079234083,81.2573343491549,3.051282051282051,34,3937.896539974987,51,77.21365764656836,1.0032177374714004,111.9408897558842,12965.048307394642,0.30373172907724527,0.377,0.097,0.3,0.055,0.101,0.037,0.005
74,2,43,116,5.395348837209302,8231.397444248663,70.9603227952471,3.0930232558139537,35,4115.6987221243335,58,70.96032279524712,1.0276428046987565,181.7872416772424,21376.61480770097,0.1925327634496012,0.549,0.17,0.119,0.007,0.14,0.007,0.007
75,0,8,14,3.5,773.5915958407095,55.256542560050676,2.25,5,386.7957979203547,7,55.25654256005067,1.0227543286421765,115.22458944221025,8913.677402668998,0.04339351543107646,0.649,0.089,0.159,0.0,0.088,0.015,0.0
76,0,8,14,3.5,1172.124570352767,83.72318359662621,3.0,8,586.0622851763835,7,83.72318359662621,1.2159430273244143,94.60060195384233,6930.230620016286,0.08456605808812266,0.424,0.153,0.102,0.085,0.219,0.0,0.0
77,0,3,6,4.0,690.181796915065,115.03029948584417,3.0,3,345.0908984575325,3,115.03029948584417,1.595595242235847,67.49791387674117,7764.305247911253,0.044445818065997414,0.357,0.205,0.322,0.0,0.029,0.088,0.0
78,2,28,59,4.214285714285714,4379.491213454035,74.22866463481415,2.392857142857143,18,2221.859825778708,30,74.0619941926236,1.0575179399655328,120.41120551762167,14863.156672954838,0.14948774844186555,0.366,0.024,0.465,0.021,0.083,0.042,0.0
79,2,33,59,3.5757575757575757,4617.754581470047,78.26702680457707,3.121212121212121,30,2847.5015874393475,38,74.93425230103546,1.003838341255347,119.81628752775397,11372.568964545624,0.25038332115782563,0.288,0.074,0.228,0.166,0.174,0.07,0.0
80,2,55,158,5.745454545454545,11507.015352843278,72.8292110939448,3.272727272727273,50,5753.507676421636,79,72.82921109394475,1.0430078222801507,150.959146807449,17370.892199654372,0.3312154384641287,0.348,0.176,0.159,0.145,0.106,0.034,0.0
81,2,32,76,4.75,4054.6356319325973,53.35046884121839,2.78125,26,2027.3178159662984,38,53.35046884121838,1.014629974851727,246.68121617369115,19234.66247742915,0.10539918848824344,0.565,0.139,0.18,0.0,0.078,0.019,0.0
82,0,11,16,2.909090909090909,1450.2006953774153,90.63754346108846,2.272727272727273,5,843.9623890933484,10,84.39623890933484,1.0000120984764924,74.59660404019637,12591.34563280293,0.06702717991432627,0.537,0.132,0.201,0.0,0.108,0.022,0.0
83,0,5,7,2.8,672.2129156546201,96.03041652208859,2.2,2,367.44124757318525,4,91.86031189329631,1.000000001111492,46.3467274622002,8514.849679822624,0.043152992875951694,0.504,0.066,0.302,0.028,0.033,0.066,0.0
84,0,10,18,3.6,1572.5205677563074,87.3622537642393,2.4,5,786.2602838781536,9,87.36225376423928,1.0007159024694303,67.02294106184411,10539.49533312686,0.07460132188747652,0.5,0.25,0.25,0.0,0.0,0.0,0.0
85,1,87,231,5.310344827586207,15744.983471126076,68.16010160660639,3.1494252873563218,85,8690.808628853938,127,68.43156400672392,1.0293066419916583,188.43610405681574,19266.61316617168,0.45108128522107144,0.569,0.139,0.169,0.031,0.078,0.013,0.0
86,0,33,62,3.757575757575758,6718.749382653587,108.36692552667077,2.696969696969697,28,4649.191639259854,41,113.39491803072815,1.0727013437224353,47.85085127351039,7945.277774009689,0.585151554356995,0.298,0.09,0.233,0.106,0.175,0.049,0.024
87,2,55,121,4.4,8662.79113952252,71.59331520266545,2.890909090909091,50,6093.1469468862815,74,82.33982360657137,1.1071582838236422,170.39276916424137,20764.563624091923,0.2934396820078971,0.47,0.174,0.16,0.071,0.087,0.009,0.029
88,0,3,2,1.3333333333333333,173.59854967516566,86.79927483758283,3.0,3,173.59854967516566,2,86.79927483758283,1.0,9.505367877389114,550.0393592145527,0.315611140851923,0.095,0.209,0.428,0.059,0.135,0.028,0.046
89,0,10,11,2.2,1436.6611727806742,130.60556116187948,3.0,10,1436.6611727806742,11,130.60556116187948,1.1119082616689808,34.86448064547088,5008.84456525113,0.28682486630699505,0.166,0.362,0.07,0.282,0.052,0.037,0.031
90,1,126,321,5.095238095238095,16530.380030552406,51.49651099860562,2.857142857142857,109,9335.343604497062,170,54.91378590880625,1.0299934002112296,223.70008521799258,19158.873026286557,0.48725953722271065,0.56,0.142,0.123,0.02,0.087,0.035,0.016
91,2,36,85,4.722222222222222,6976.55446871696,82.07711139667012,2.888888888888889,30,3535.327237043775,43,82.21691248939011,1.0394873030539784,185.23585442086903,21828.978713705794,0.1619556866773636,0.493,0.164,0.088,0.021,0.193,0.021,0.0
92,2,52,91,3.5,5487.270175766482,60.29967226117013,2.6923076923076925,42,3831.826776800893,62,61.80365769033698,1.0246137910679853,189.85904484234717,17321.59456773208,0.22121674548018214,0.439,0.084,0.225,0.014,0.185,0.04,0.0
93,2,56,124,4.428571428571429,9006.28239261058,72.63130961782726,3.4285714285714284,54,6764.206730728925,87,77.74950265205662,1.0058868662181244,197.19366053024586,24701.086774366,0.27384247472660206,0.25,0.203,0.294,0.099,0.055,0.047,0.033
94,0,5,4,1.6,233.10575299525536,58.27643824881384,3.0,5,233.10575299525533,4,58.27643824881383,1.0032510184661572,31.166295477844017,1453.0085550870901,0.16042971817277668,0.232,0.146,0.115,0.089,0.191,0.217,0.011
95,2,49,85,3.4693877551020407,5483.766222990346,64.5148967410629,3.061224489795918,43,3935.7124874972033,60,65.59520812495339,1.0058951226008457,184.4993310426802,16886.891188826907,0.23306317566025653,0.395,0.131,0.255,0.036,0.088,0.043,0.017
96,2,83,204,4.9156626506024095,13280.867740827462,65.10229284719344,3.144578313253012,77,7614.958375148961,117,65.08511431751249,1.023900204018038,210.52806272373877,20820.291356389873,0.36574696505444837,0.544,0.151,0.05,0.033,0.171,0.026,0.0
97,2,55,156,5.672727272727273,14362.358360627533,92.0663997476124,3.5090909090909093,53,7551.725286219978,84,89.9014915026188,1.0098542511532684,121.1479130003775,17261.80675429677,0.4374817418425925,0.398,0.141,0.214,0.06,0.133,0.038,0.0
98,2,41,116,5.658536585365853,7230.764093428548,62.33417321921162,3.1707317073170733,38,3615.382046714274,58,62.33417321921162,1.0212868542623368,226.6075857373014,21559.81571378698,0.16769076761645627,0.547,0.055,0.176,0.03,0.133,0.04,0.0
99,0,42,88,4.190476190476191,7886.235593161333,89.61631355865151,2.2142857142857144,25,3943.1177965806664,44,89.61631355865151,1.1142185320654803,41.07321006982344,6478.260223560682,0.6086692507719903,0.569,0.183,0.157,0.018,0.029,0.029,0.0
100,2,35,94,5.371428571428571,7331.892077751891,77.99885189097756,3.0285714285714285,28,3665.946038875948,47,77.99885189097762,1.0548857243366794,116.13409814820967,15205.047753030709,0.2411005935936796,0.464,0.158,0.182,0.007,0.13,0.033,0.02
101,2,32,76,4.75,5008.79832786403,65.90524115610566,2.6875,25,2504.3991639320157,38,65.90524115610567,1.027257164439769,172.08199282577078,17238.479958424618,0.14527958207290143,0.358,0.0,0.478,0.164,0.0,0.0,0.0
102,0,19,28,2.9473684210526314,2349.6535710853163,83.91619896733273,2.5789473684210527,13,1540.9890114531804,21,73.38042911681812,1.0312918480875313,107.54264339582475,12747.848595045683,0.12088228064240342,0.402,0.052,0.261,0.086,0.08,0.076,0.043
103,2,66,162,4.909090909090909,10970.105868351326,67.71670289105757,2.9545454545454546,61,5830.892157453141,85,68.59873126415461,1.0670270535849158,233.9673432907753,22364.56306712014,0.26072014641884883,0.247,0.387,0.198,0.058,0.079,0.032,0.0
104,0,10,18,3.6,2104.445586245153,116.91364368028628,2.5,6,1052.2227931225766,9,116.91364368028628,1.1231600850576167,35.11816601140626,6158.689121644039,0.17085174658754163,0.552,0.171,0.144,0.01,0.094,0.01,0.01
105,2,55,151,5.490909090909091,10520.752439338232,69.67385721416048,3.090909090909091,52,5490.330658514358,78,70.38885459633792,1.0152790129538292,136.93732854815605,14458.292561980667,0.3797357561398127,0.295,0.213,0.107,0.134,0.114,0.053,0.0
106,2,55,73,2.6545454545454548,7379.317535080976,101.08654157645172,3.036363636363636,53,7141.445252397266,72,99.1867396166287,1.0860538234989339,108.47748098294143,14616.716821842298,0.48858066687900403,0.191,0.263,0.145,0.104,0.132,0.095,0.041
107,0,26,31,2.3846153846153846,4013.1857941112253,129.45760626165242,3.0384615384615383,26,3765.1469513156917,30,125.50489837718972,1.0523365992098854,89.26077552300643,12926.151416635461,0.29128135900296603,0.042,0.448,0.131,0.154,0.149,0.052,0.012
108,2,41,61,2.975609756097561,5510.091744443305,90.32937285972632,3.1463414634146343,41,5091.43860477803,56,90.91854651389339,1.0320447425235704,128.4524892568032,15951.413723949343,0.319184160908182,0.093,0.385,0.07,0.117,0.216,0.063,0.023
109,0,17,18,2.1176470588235294,1937.7119301132554,107.65066278406975,3.0,17,1851.4965094496006,17,108.91155937938827,1.039855404877312,76.61111128995641,8343.835596377012,0.2218999269656681,0.078,0.272,0.23,0.096,0.179,0.107,0.003
110,0,9,9,2.0,1302.548272593522,144.72758584372465,3.0,9,1302.548272593522,9,144.72758584372465,1.3017666865086897,31.079238643499618,4498.023178734696,0.28958238337934306,0.534,0.146,0.093,0.045,0.11,0.043,0.0
111,2,51,116,4.549019607843137,12840.873000891374,110.69718104216702,2.823529411764706,45,7700.187330220161,68,113.2380489738259,1.042624660254551,75.77400908279468,12966.090326651622,0.5938711775277804,0.321,0.161,0.223,0.091,0.085,0.076,0.0
112,2,8,20,5.0,1316.729243976274,65.83646219881369,3.125,8,658.3646219881368,10,65.83646219881368,1.1300816009044314,356.20247823208973,29313.888741563413,0.02245913627469898,0.456,0.308,0.1,0.008,0.108,0.0,0.021
113,1,109,238,4.36697247706422,16675.881423879808,70.0667286717639,3.0825688073394497,102,10793.755010594725,150,71.95836673729816,1.0209214749147586,196.35807768468385,20778.833185096122,0.519459149339371,0.334,0.281,0.119,0.078,0.115,0.035,0.0
114,0,8,9,2.25,1461.7358278304162,162.41509198115736,3.0,8,921.0750319024945,8,115.13437898781181,1.0495645430475085,121.52179121574764,13991.33596511163,0.06583181435991954,0.564,0.0,0.0,0.0,0.436,0.0,0.0
115,0,20,34,3.4,2046.998639818949,60.20584234761615,2.5,15,1081.1954309423886,19,56.905022681178345,1.011847557190261,14.41611205870206,1039.1089659881425,1.040502455788382,0.095,0.285,0.112,0.117,0.296,0.032,0.0
116,0,19,25,2.6315789473684212,2576.803359016655,103.07213436066621,3.1578947368421053,19,2037.6713126836705,20,101.88356563418353,1.0195672297501412,91.49030457164258,9811.956263911987,0.20767227837920052,0.13,0.419,0.088,0.112,0.152,0.057,0.02
117,2,48,102,4.25,6105.598470691926,59.858808536195355,3.1666666666666665,46,3692.371391267852,63,58.609069702664314,1.0018651063733228,225.43492532560487,18095.423236192782,0.20405001546925491,0.516,0.325,0.032,0.011,0.001,0.066,0.01
118,0,4,6,3.0,645.9325133050963,107.65541888418272,2.5,3,322.9662566525482,3,107.65541888418274,1.0001516272815087,32.368716398770815,3484.667722652987,0.0926820811502406,0.0,0.0,0.0,0.0,1.0,0.0,0.0
119,2,77,198,5.142857142857143,14996.474157577455,75.7397684726134,3.0779220779220777,72,7830.464110198738,107,73.18190757195083,1.0381903650126987,199.76324752632502,21725.540837383818,0.3604266595160942,0.4,0.25,0.044,0.111,0.146,0.022,0.0
120,1,117,293,5.0085470085470085,15179.535450984582,51.80728822861632,3.076923076923077,105,8459.827121237495,166,50.9628139833584,1.0133123173409384,445.59054203463256,35901.13288068096,0.23564234447291993,0.144,0.292,0.176,0.119,0.097,0.086,0.028
121,2,78,183,4.6923076923076925,15640.772786915468,85.46870375363643,3.58974358974359,75,10185.014379692091,120,84.87511983076743,1.003919370282291,134.1996106705976,18224.332859054888,0.5588689834882814,0.468,0.155,0.1,0.07,0.142,0.025,0.0
122,0,15,17,2.2666666666666666,1016.1080226678636,59.77106015693315,3.0,14,848.3555346787966,16,53.02222091742479,1.0224447071178668,45.387298184000265,2750.3261156081085,0.3084563426367428,0.139,0.113,0.073,0.421,0.168,0.053,0.0
123,2,88,160,3.6363636363636362,12132.479874605662,75.82799921628539,3.0681818181818183,85,8234.460371492649,121,68.05339149993925,1.1273617050268048,133.04005397379214,12888.388850216877,0.6389053331017465,0.186,0.206,0.072,0.201,0.148,0.128,0.003
124,2,66,173,5.242424242424242,12754.8203209911,73.7272850924341,2.9696969696969697,62,6474.0490381458285,88,73.56873906983895,1.0563978675921584,141.23265885441973,14747.534825987645,0.4389919477753978,0.36,0.215,0.077,0.11,0.14,0.057,0.007
125,2,56,171,6.107142857142857,17031.26716600401,99.59805360236264,3.6607142857142856,55,8810.016439848709,92,95.76104825922509,1.0000347883411986,133.97839553908844,21460.943041525854,0.41051394725766555,0.325,0.161,0.156,0.099,0.176,0.031,0.0
126,1,145,394,5.43448275862069,24894.150282137376,63.18312254349588,3.179310344827586,140,13149.402755609044,208,63.218282478889634,1.0148157268884266,238.18619741542378,22371.47314744581,0.5877754526465029,0.495,0.166,0.094,0.051,0.122,0.029,0.003
127,2,71,201,5.661971830985915,14408.0560638473,71.68187096441443,3.408450704225352,70,7491.987380819168,103,72.73774156135114,1.008659124146017,163.47687351225457,17496.666762994035,0.4281951232371266,0.36,0.231,0.142,0.064,0.103,0.033,0.013
128,2,48,129,5.375,9735.845419883162,75.4716699215749,3.0,42,5030.800903007738,66,76.22425610617785,1.0457811270246746,144.06761987543177,17256.559813416614,0.29152976939797676,0.289,0.323,0.083,0.043,0.202,0.026,0.008
129,0,25,43,3.44,3793.9180740150996,88.23065288407209,2.68,19,2439.7122704230414,29,84.12800932493246,1.0361162634965415,54.804020211812684,7037.1600304879885,0.3466898947662358,0.168,0.246,0.031,0.154,0.14,0.191,0.0
130,3,76,146,3.8421052631578947,75495.69204725066,517.0937811455525,2.4473684210526314,54,45978.44430357357,89,516.6117337480176,1.2920621106709282,0.9267843157412069,789.1129822728263,58.2659838786901,0.253,0.13,0.035,0.041,0.282,0.0,0.025
131,2,18,33,3.6666666666666665,2730.2286166522,82.73420050461212,3.1666666666666665,18,1821.8746325523407,22,82.81248329783367,1.000043951354321,151.3228955975502,15316.185822974612,0.11895093554032814,0.28,0.083,0.3,0.126,0.134,0.041,0.0
132,2,32,73,4.5625,5481.25484002602,75.08568274008248,3.1875,30,3307.665059357906,43,76.92244324088153,1.022891865671657,192.24468253030113,21196.033975094342,0.15605113028430045,0.18,0.152,0.173,0.358,0.058,0.017,0.061
133,2,90,219,4.866666666666666,15941.167841724733,72.7907207384691,3.088888888888889,86,9293.237422715769,124,74.94546308641749,1.0802373240701952,188.12351154686158,20328.796018604604,0.45714647410553677,0.19,0.088,0.129,0.262,0.177,0.037,0.01
134,2,13,19,2.923076923076923,1262.491026579831,66.44689613578058,3.3076923076923075,13,1089.9287105173069,16,68.12054440733168,1.0075934413095533,142.7503904063362,11968.288380109243,0.09106805216431109,0.228,0.116,0.211,0.156,0.096,0.14,0.029
135,2,17,21,2.4705882352941178,1485.820201678464,70.75334293706972,2.8823529411764706,15,1146.4602838105193,17,67.4388402241482,1.0171477030215261,189.59661271091576,14490.999094537974,0.07911533748164054,0.225,0.071,0.121,0.261,0.146,0.164,0.0
136,0,24,50,4.166666666666667,1522.2357478471042,30.444714956942086,2.3333333333333335,16,761.1178739235519,25,30.444714956942075,1.0360115729800483,57.40985774890692,2730.979304506349,0.2786977816593639,0.722,0.103,0.071,0.0,0.071,0.028,0.0
137,1,131,286,4.366412213740458,28701.527285975997,100.35499051040559,2.5267175572519083,96,15241.007616912657,152,100.26978695337274,1.1199750441095973,68.02537884382305,10799.74288647996,1.4112380060448153,0.395,0.164,0.099,0.091,0.126,0.044,0.007
138,2,11,19,3.4545454545454546,1127.0771480286726,59.31984989624593,3.6363636363636362,11,724.1107131781828,12,60.342559431515234,1.000000023404046,270.68775937017807,17818.900589649453,0.04063722728206926,0.61,0.127,0.098,0.066,0.036,0.0,0.006
139,2,9,18,4.0,1550.4537342149608,86.13631856749782,3.2222222222222223,9,775.2268671074804,9,86.13631856749782,1.0702548091694697,122.34801354249979,10538.607470597299,0.07356065488446764,0.616,0.096,0.079,0.017,0.13,0.017,0.02
140,2,12,30,5.0,1907.0661486843564,63.56887162281188,3.0833333333333335,11,953.5330743421785,15,63.5688716228119,1.0809822531662403,190.13931351058633,16482.193105914608,0.05785231784476574,0.515,0.062,0.113,0.085,0.197,0.028,0.0
142,1,126,231,3.6666666666666665,17382.372339698693,75.24836510692074,3.1904761904761907,117,13210.367188718083,178,74.21554600403417,1.0183697785989647,142.7054936208344,16112.751885286225,0.8198703289648164,0.339,0.144,0.126,0.123,0.183,0.021,0.013
143,0,48,81,3.375,6972.309928132467,86.0779003473144,2.9166666666666665,44,4709.984557566281,53,88.86763316162795,1.052804850154769,75.63163900478435,8095.996631271862,0.5817671093603647,0.094,0.178,0.213,0.267,0.171,0.054,0.006
144,1,149,276,3.704697986577181,18395.99910207268,66.65217065968363,3.2885906040268456,145,15301.596821333102,229,66.81920009315765,1.0247980758418918,205.5310122416434,21689.328852428313,0.7054896408018615,0.342,0.216,0.098,0.097,0.118,0.076,0.023
145,1,105,263,5.0095238095238095,15414.513695168773,58.61031823258089,3.057142857142857,96,9125.682645695648,152,60.03738582694505,1.029770251756304,152.3234749617801,14479.746791570544,0.6302377228729034,0.467,0.114,0.117,0.076,0.167,0.047,0.007
146,1,201,362,3.601990049751244,19603.591861776065,54.15356867893941,3.63681592039801,200,18243.578672546046,336,54.296365096863234,1.0094555004770331,304.52224192565495,27777.87739055393,0.6567664770077035,0.445,0.124,0.106,0.103,0.141,0.038,0.007
147,1,144,285,3.9583333333333335,20667.43516525083,72.51731636930116,2.7430555555555554,116,12342.580622146412,180,68.56989234525784,1.0690487435963463,133.68582281247467,14224.379707766797,0.8677060705435974,0.324,0.152,0.157,0.102,0.145,0.045,0.02
148,0,55,120,4.363636363636363,7830.375704296419,65.25313086913683,2.7818181818181817,43,4357.993366623691,67,65.04467711378643,1.0591309685352952,66.8183859076148,6771.955408229935,0.6435354493515176,0.353,0.144,0.092,0.171,0.12,0.037,0.006
149,2,71,113,3.183098591549296,8292.826520481505,73.38784531399563,3.5492957746478875,69,7935.373737139407,107,74.16237137513464,1.0007767361049293,173.5255056485792,19956.373047066252,0.39763606936110923,0.249,0.18,0.152,0.181,0.135,0.072,0.012
150,0,26,52,4.0,3964.396263780907,76.23838968809436,2.4615384615384617,17,2235.1619997038724,29,77.07455171392664,1.0351594047107162,31.49265820357205,4140.6584050756865,0.5398083543824757,0.381,0.12,0.072,0.091,0.202,0.051,0.043
151,1,108,203,3.759259259259259,13768.679774342023,67.8260087406011,2.814814814814815,91,9173.155432600954,142,64.59968614507714,1.0167526200026509,96.09157160367667,9686.405737180552,0.9470133382282837,0.292,0.233,0.205,0.11,0.07,0.066,0.0
152,1,223,478,4.286995515695067,39558.12346688974,82.75758047466472,2.7309417040358746,178,23100.636287009096,297,77.77992015827978,1.0442999321427302,79.50064482574803,10317.5027005747,2.238975550325987,0.29,0.279,0.1,0.104,0.148,0.012,0.007
153,0,23,39,3.391304347826087,3709.6265534779177,95.11862957635687,3.0,21,2385.256998409546,29,82.25024132446711,1.0002919595906927,90.60028320572148,10290.712360682573,0.23178735492819996,0.169,0.02,0.564,0.032,0.215,0.0,0.0
154,2,98,200,4.081632653061225,13834.169273740208,69.17084636870104,3.1020408163265305,92,9575.716279370094,134,71.46056924903056,1.0089660858581835,250.44692919050163,26067.486271388432,0.3673432942354845,0.289,0.316,0.065,0.149,0.084,0.07,0.005
155,2,81,172,4.246913580246914,11457.52020749872,66.61348957848092,3.0864197530864197,79,7700.322667293902,117,65.81472365208462,1.0387331902175145,259.67466786348683,25311.123178116744,0.30422682601265894,0.384,0.167,0.236,0.053,0.104,0.022,0.017
156,2,87,151,3.471264367816092,11107.128272262747,73.55714087591224,3.3563218390804597,79,9955.379200736692,133,74.85247519350897,1.0174622882411202,118.15989459199415,14890.209582055424,0.6685855659637039,0.329,0.219,0.125,0.109,0.129,0.057,0.005
157,1,112,289,5.160714285714286,17854.58116504961,61.78055766453153,3.107142857142857,103,9785.116868862924,162,60.401955980635336,1.0243423072108222,237.39561746275737,22552.85301969861,0.43387490089684844,0.533,0.16,0.142,0.033,0.093,0.011,0.019
158,1,301,658,4.372093023255814,47626.60371911864,72.38085671598577,3.1196013289036544,270,31885.313736075328,455,70.07761260675896,1.0080453415238084,221.21176310019615,26123.7276613338,1.2205499211075208,0.18,0.233,0.171,0.14,0.133,0.049,0.005
159,1,171,428,5.005847953216374,33615.95824551907,78.54195851756792,2.584795321637427,130,16879.622511729933,215,78.50987214758108,1.0849592395723078,86.69127339202241,11256.276691680889,1.4995742352535681,0.411,0.111,0.231,0.077,0.107,0.023,0.011
160,1,205,432,4.214634146341464,29254.046656850176,67.7177005945606,3.1414634146341465,177,20225.472371437012,296,68.32929855215207,1.019772003386513,195.35604552319273,22322.98475323461,0.9060379960393214,0.378,0.227,0.156,0.074,0.112,0.035,0.002
161,0,3,4,2.6666666666666665,504.8025128431154,126.20062821077885,1.6666666666666667,1,252.4012564215577,2,126.20062821077885,1.0995370735938064,2.5079650540561187,633.0135307051243,0.3987296387494336,0.455,0.227,0.091,0.0,0.182,0.0,0.0
162,0,43,103,4.790697674418604,8714.777722442168,84.60949245089483,2.627906976744186,32,4456.809481399573,53,84.09074493206742,1.0722699449291941,56.39985597944798,7855.106652461693,0.5673773353545575,0.283,0.307,0.147,0.051,0.111,0.015,0.0
163,0,15,29,3.8666666666666667,2275.1474225782863,78.45335939925126,3.0,14,1381.8232661951602,20,69.091163309758,1.3420346592512922,132.227771267887,13051.100769649867,0.10587790950235927,0.546,0.134,0.147,0.054,0.059,0.029,0.029
164,2,30,49,3.2666666666666666,4113.980228115473,83.9587801656219,3.2,28,3281.588481515203,36,91.15523559764453,1.0320133949048431,127.8554327689266,14984.604124058964,0.2189973424954453,0.411,0.137,0.084,0.097,0.151,0.074,0.005
165,0,25,50,4.0,3225.2525543294682,64.50505108658936,2.92,21,1935.512954330061,31,62.43590175258261,1.1218830244255815,88.20272975142869,8129.406001960177,0.23808786937980053,0.475,0.104,0.046,0.091,0.2,0.0,0.042
166,2,26,55,4.230769230769231,4630.722291780458,84.1949507596447,3.1538461538461537,25,2527.4521408880364,31,81.53071422219472,1.0215525000693404,107.8861011628037,10907.07829423966,0.23172586394863015,0.449,0.166,0.088,0.096,0.171,0.0,0.005
167,0,8,16,4.0,1642.111663488071,102.63197896800443,3.125,8,821.0558317440356,8,102.63197896800445,1.0572370245312097,73.2007412979301,7512.736941331496,0.10928851071930629,0.495,0.126,0.072,0.053,0.211,0.021,0.008
168,2,56,137,4.892857142857143,8348.780007701156,60.94000005621282,2.8214285714285716,46,4348.356832340963,73,59.5665319498762,1.1448118432164842,192.8434702285705,18229.396116103166,0.238535429514299,0.344,0.191,0.197,0.04,0.228,0.0,0.0
169,0,13,17,2.6153846153846154,1636.2245225327742,96.24850132545731,2.8461538461538463,11,1122.4315609127668,12,93.53596340939724,1.0446063596076012,130.26097767071167,13291.730226632724,0.08444585782095874,0.123,0.073,0.302,0.153,0.28,0.068,0.0
170,2,26,43,3.3076923076923075,4134.163574859014,96.14333895020964,2.9615384615384617,23,2623.1591459892834,29,90.45376365480287,1.0093750774766195,175.77328529225258,20047.01308412852,0.13085037331900942,0.059,0.231,0.0,0.197,0.096,0.182,0.091
171,2,74,154,4.162162162162162,12845.109385665572,83.4098012056206,2.77027027027027,59,7283.284883109603,86,84.68935910592562,1.0178582110559131,165.17288316159042,20389.850220854918,0.35720149016397357,0.379,0.177,0.082,0.174,0.168,0.0,0.0
172,2,40,71,3.55,5404.33385551687,76.11737824671648,3.175,40,4107.717869434279,55,74.68577944425962,1.0261889348332054,215.49622800190193,22129.942663977406,0.1856180981490171,0.351,0.218,0.111,0.099,0.089,0.046,0.0
173,0,5,10,4.0,2169.3825340351523,216.93825340351523,2.2,3,1084.6912670175761,5,216.93825340351523,2.817501814798799,33.65731635660652,12169.265707752971,0.08913366616085351,0.539,0.153,0.24,0.0,0.0,0.0,0.0
174,2,93,195,4.193548387096774,13468.893189165197,69.0712471239241,2.4301075268817205,64,7005.086123009708,103,68.0105448835894,1.0791907057722163,95.23349459467283,10423.731741107229,0.6720324637082049,0.406,0.201,0.147,0.045,0.182,0.0,0.014
175,0,8,9,2.25,293.0828826031618,32.56476473368465,3.0,8,279.78801358584155,8,34.973501698230194,1.0089595634787902,64.06550358055618,2240.594998272554,0.12487219412769889,0.112,0.074,0.35,0.241,0.203,0.014,0.007
176,2,40,79,3.95,6013.374923703232,76.11866992029407,2.75,33,3481.9457046672487,46,75.69447184059236,1.0871065403289437,123.93731426403421,13077.060577262087,0.266263636548532,0.177,0.041,0.072,0.405,0.046,0.039,0.0
177,2,52,125,4.8076923076923075,7941.032175818739,63.52825740654991,2.923076923076923,47,4163.012029007498,67,62.1345078956343,1.035673077211301,161.55377474669947,14309.581012810164,0.2909248024299736,0.235,0.08,0.149,0.143,0.133,0.105,0.0
178,2,66,109,3.303030303030303,9268.046809628773,85.02795238191536,3.1666666666666665,62,8106.6381517663385,92,88.11563208441672,1.0234698414456274,136.20868554826538,17809.589143024397,0.4551838948481033,0.224,0.294,0.144,0.13,0.106,0.04,0.047
179,0,19,25,2.6315789473684212,2525.159995737353,101.00639982949411,3.3157894736842106,17,2281.15265500423,23,99.18055021757522,1.0176768266773681,83.94665147207587,11264.419228484743,0.20250956651504917,0.168,0.366,0.176,0.101,0.123,0.05,0.011
180,0,13,18,2.769230769230769,1797.3438303746454,99.85243502081363,3.4615384615384617,13,1797.3438303746457,18,99.85243502081364,1.0415409726045792,101.18978488818911,13990.218120440328,0.1284714659129329,0.151,0.371,0.208,0.083,0.148,0.025,0.006
181,0,12,14,2.3333333333333335,1635.1169872584285,116.79407051845918,3.5,12,1635.1169872584283,14,116.79407051845916,1.0000549411512958,92.92010835346211,12661.270635553306,0.1291431985244009,0.096,0.423,0.317,0.058,0.072,0.03,0.0
182,0,6,6,2.0,930.4531391689828,155.07552319483048,3.6666666666666665,6,930.4531391689828,6,155.07552319483048,1.0000318374866477,98.43004628240124,15264.09092533475,0.06095699663480467,0.082,0.391,0.144,0.141,0.177,0.034,0.0
183,2,36,57,3.1666666666666665,3876.492041683944,68.00863231024464,3.5555555555555554,36,3543.5121028118347,52,68.1444635156122,1.0039195866799966,206.48223697683727,20324.230715085672,0.17434913785847062,0.218,0.329,0.086,0.104,0.139,0.058,0.035
184,2,34,57,3.3529411764705883,5849.647675947459,102.62539782363963,3.411764705882353,34,4926.486523241478,47,104.81886219662718,1.0100498845308141,124.63728465949379,18059.526563776704,0.27279156548449546,0.036,0.228,0.265,0.241,0.152,0.056,0.01
185,2,73,134,3.671232876712329,10902.25939589286,81.3601447454691,3.26027397260274,71,8531.545130587852,106,80.48627481686653,1.0434359802137103,191.17101118995095,22971.607177847633,0.3713952212631921,0.189,0.196,0.293,0.108,0.171,0.026,0.015
186,2,46,66,2.869565217391304,4190.82984680677,63.49742192131469,3.217391304347826,44,3951.679370736158,60,65.86132284560263,1.0081309931265785,170.628263992066,15324.277065499327,0.2578705249093195,0.17,0.46,0.154,0.071,0.071,0.062,0.0
187,2,31,48,3.096774193548387,4023.3794508137635,83.82040522528673,3.4516129032258065,31,3803.1961383769076,46,82.67817692123712,1.00397181301951,160.7897058897278,19726.283500986177,0.19279841223952673,0.065,0.313,0.242,0.12,0.176,0.064,0.02
188,0,12,15,2.5,1439.6169850110157,95.97446566740105,2.9166666666666665,12,1153.4402990345272,13,88.72617684880979,1.0096394153887933,85.46488789726239,8214.88715443089,0.14040853846816295,0.084,0.315,0.21,0.198,0.107,0.053,0.011
189,2,39,78,4.0,5716.035603484348,73.28250773697881,3.5128205128205128,39,4350.108816491398,59,73.73065790663387,1.0073395336272715,228.15678210485834,25448.893060939772,0.17093508963531942,0.079,0.205,0.279,0.327,0.11,0.0,0.0
190,2,82,135,3.292682926829268,8919.197593772442,66.06813032424031,3.4634146341463414,82,8564.998117213992,129,66.39533424196894,1.007370485187485,218.66119349022156,22839.423299408685,0.3750093863988125,0.06,0.211,0.326,0.155,0.179,0.05,0.0
191,0,8,11,2.75,476.79439295033364,43.34494481366669,3.875,8,351.6180582019232,9,39.06867313354702,1.0015022789540198,64.11725219673188,2818.097964332232,0.12477141059403928,0.093,0.418,0.055,0.155,0.189,0.077,0.004
192,0,17,20,2.3529411764705883,1566.2251561619423,78.31125780809711,3.235294117647059,17,1483.860171134371,19,78.09790374391427,1.0726989482488019,145.66581767191687,12714.570890534038,0.11670548569115304,0.104,0.41,0.245,0.055,0.146,0.025,0.006
193,2,36,63,3.5,4671.6934970948505,74.15386503325159,3.1944444444444446,36,4031.596798267178,51,79.05091761308192,1.0491110102513967,214.83125695385874,24058.69465841362,0.167573380663746,0.148,0.172,0.168,0.113,0.369,0.0,0.0
194,2,43,66,3.0697674418604652,4367.500029137832,66.17424286572472,3.3488372093023258,43,4367.500029137833,66,66.17424286572474,1.0352105159282055,258.0992819626924,26215.084220756107,0.16660255570263674,0.096,0.27,0.232,0.119,0.195,0.083,0.002
195,0,23,32,2.782608695652174,3128.4522649649552,97.76413328015485,3.1739130434782608,23,3012.1252444853594,29,103.86638774087446,1.1473903523009619,119.40120482941191,15637.016664723427,0.19262787199559686,0.062,0.321,0.15,0.301,0.126,0.0,0.016
196,2,50,94,3.76,8465.366238979019,90.05708764871297,3.14,47,6064.2835012253145,69,87.88816668442485,1.0291479973167492,140.2598259418674,18097.3478371064,0.33509238789074064,0.263,0.2,0.105,0.188,0.086,0.129,0.006
197,0,14,23,3.2857142857142856,2041.496334100698,88.76071017829122,3.2142857142857144,13,1503.5841844737845,16,93.97401152961153,1.0079628491922223,81.9009715241938,9472.692728985814,0.15872827584419752,0.311,0.176,0.029,0.26,0.013,0.07,0.016
198,2,70,127,3.6285714285714286,10489.800053541197,82.59685081528502,3.1,67,8385.268182391794,100,83.85268182391793,1.0319820944699425,148.33851167761617,18565.04779393535,0.45166962538771444,0.213,0.16,0.193,0.158,0.208,0.046,0.007
199,2,81,170,4.197530864197531,11940.301573849172,70.23706808146572,3.271604938271605,77,7752.28396114765,120,64.60236634289708,1.021772930907726,231.70953013498792,23328.286676760064,0.33231261551970614,0.204,0.29,0.036,0.259,0.145,0.066,0.0
200,2,76,142,3.736842105263158,12984.403086102267,91.43945835283287,3.0921052631578947,72,9801.634690508048,107,91.60406252811259,1.0902025574316243,168.80892965488732,22980.603624623283,0.426517721231908,0.245,0.193,0.066,0.287,0.013,0.117,0.024
201,2,60,95,3.1666666666666665,8185.1006586817975,86.15895430191365,3.1333333333333333,59,6187.083211241499,81,76.38374334866049,1.2001008219661216,222.7713068953986,23361.095132861836,0.2648455980361206,0.224,0.126,0.101,0.302,0.122,0.091,0.005
202,2,36,82,4.555555555555555,6916.158191648531,84.34339258107964,3.25,34,4529.002680283506,51,88.803974123206,1.0256868266623846,93.14960192390006,12408.082258255443,0.36500424368723333,0.234,0.194,0.099,0.285,0.131,0.037,0.0
203,0,9,8,1.7777777777777777,1616.694430021967,202.08680375274588,3.2222222222222223,9,1616.694430021967,8,202.08680375274588,1.0162513270483433,21.288142981911964,3824.0469093742554,0.42277055390162915,0.232,0.205,0.199,0.143,0.131,0.048,0.037
204,2,52,123,4.730769230769231,8603.061850475102,69.94359228028539,3.25,51,5206.530881093174,75,69.42041174790899,1.0031290309054786,202.29647832115265,20652.212970891705,0.2521052290343668,0.26,0.131,0.254,0.177,0.071,0.046,0.061
205,2,100,181,3.62,10066.857252393182,55.61799586957559,3.71,100,9162.734415551537,167,54.86667314701519,1.0035694622133395,307.8654203334125,28208.89082247198,0.3248172525894655,0.21,0.213,0.129,0.181,0.164,0.084,0.019
206,0,19,20,2.1052631578947367,1161.0155862938477,58.050779314692385,3.210526315789474,19,1161.0155862938477,20,58.050779314692385,1.0093184587373418,86.72017901890577,5299.13049932328,0.21909548867349352,0.153,0.232,0.15,0.2,0.077,0.093,0.022
207,2,62,123,3.967741935483871,10498.977275647077,85.35753882639901,3.2096774193548385,62,7258.893564694134,87,83.4355582148751,1.005597820645675,186.2646539351442,21807.66609322255,0.33285971702171624,0.298,0.167,0.252,0.061,0.082,0.116,0.0
208,2,60,132,4.4,9315.421284165765,70.57137336489215,3.1333333333333333,59,5633.144978005626,81,69.54499972846452,1.0095316064323456,214.59872764613777,20489.249914004035,0.2749317325743327,0.189,0.022,0.022,0.343,0.116,0.136,0.0
209,2,87,184,4.2298850574712645,13958.689272000642,75.86244169565566,3.1379310344827585,79,8986.637062393895,123,73.06208993816175,1.048516571700289,190.01518269258665,21615.158015224635,0.41575625105604863,0.247,0.181,0.047,0.257,0.158,0.063,0.016
210,2,92,166,3.608695652173913,9681.255371890322,58.320815493315195,3.4347826086956523,92,8248.735250645115,142,58.089684863698,1.010882287331461,272.86751472623325,24465.346603023972,0.3371599587158742,0.126,0.176,0.159,0.305,0.141,0.042,0.027
211,2,66,152,4.606060606060606,13931.843926941767,91.65686794040636,3.4696969696969697,66,9234.806215163455,104,88.79621360734092,1.008831560178763,174.4845390296297,24414.104628496283,0.3782570098591507,0.169,0.109,0.134,0.254,0.152,0.119,0.026
212,2,71,171,4.816901408450704,12239.173749645934,71.57411549500546,3.2535211267605635,70,7400.622486634222,104,71.15983160225213,1.0112413793987773,202.7282205033485,21433.071819034594,0.34528986554609353,0.18,0.121,0.085,0.35,0.12,0.118,0.0
213,2,73,172,4.712328767123288,12616.283042770743,73.35048280680665,3.410958904109589,73,8240.879498051476,113,72.92813715089801,1.0168197148445273,228.54567899754267,25800.23836190552,0.31941098304809734,0.172,0.155,0.196,0.183,0.125,0.114,0.028
214,2,74,194,5.243243243243243,12886.99747349761,66.4278220283382,2.945945945945946,65,6532.085585159846,98,66.65393454244742,1.0340005572050455,191.55851468359597,19250.4094227592,0.33932190436620796,0.566,0.157,0.054,0.014,0.138,0.041,0.006
215,2,39,83,4.256410256410256,7902.3846666805175,95.20945381542792,3.051282051282051,35,4694.783488891912,52,90.28429786330601,1.055979210100354,101.6722683323262,13637.97961842266,0.34424332784234657,0.294,0.196,0.159,0.078,0.231,0.021,0.0
216,2,24,39,3.25,2722.9351853436974,69.81885090624866,3.2916666666666665,23,2253.1464066520202,32,70.41082520787563,1.0043537351292773,108.13419596511584,10593.138046739397,0.2126986731137282,0.464,0.185,0.026,0.091,0.196,0.018,0.018
217,2,39,83,4.256410256410256,6589.791183022742,79.39507449424991,3.4615384615384617,37,4427.1291141171605,56,79.05587703780644,1.002107819707372,124.71545478159348,14922.470833620398,0.296675340396231,0.384,0.146,0.139,0.088,0.131,0.046,0.0
218,2,50,119,4.76,9083.726334309456,76.33383474209627,3.24,44,5185.073195863072,67,77.38915217706078,1.0143716506907523,174.55638217152594,20570.173144645676,0.2520675523439978,0.542,0.171,0.034,0.073,0.105,0.039,0.0
219,2,91,210,4.615384615384615,14651.62821880792,69.76965818479962,2.769230769230769,74,7738.799386367721,115,67.2939077075454,1.03490255636262,109.64774324995936,11466.782272694472,0.6748884911502948,0.385,0.196,0.209,0.04,0.112,0.034,0.0
220,2,42,90,4.285714285714286,7250.589339077119,80.56210376752354,2.9523809523809526,36,3923.347438118088,50,78.46694876236177,1.064234249347722,144.16371649088975,15711.23188233652,0.24971609276093387,0.419,0.129,0.103,0.086,0.175,0.051,0.008
221,2,63,146,4.634920634920635,11192.779565149807,76.66287373390279,3.2698412698412698,54,6918.036521174519,89,77.73074742892719,1.0038683038499012,143.62006396217478,18399.42310488418,0.3759920341925344,0.388,0.237,0.026,0.11,0.127,0.048,0.013
222,2,57,103,3.6140350877192984,6820.270852891866,66.21622187273655,3.3859649122807016,56,5043.314702604646,80,63.04143378255808,1.0008830075196178,233.39282928232208,21019.169417893416,0.23993881976665174,0.347,0.188,0.087,0.089,0.139,0.067,0.0
223,2,63,119,3.7777777777777777,9062.481269847187,76.15530478863182,3.6507936507936507,63,7689.232413810347,100,76.89232413810346,1.0080079852943946,191.37963912783752,23358.135309922145,0.32918862365456414,0.332,0.277,0.119,0.034,0.102,0.061,0.0
224,2,26,37,2.8461538461538463,3383.4932506440364,91.4457635309199,3.3076923076923075,24,3164.3054215472457,35,90.40872632992131,1.0052959015902676,112.72950638102085,14862.941175408714,0.21289900728280525,0.283,0.295,0.134,0.075,0.111,0.055,0.007
225,0,16,21,2.625,2040.386792006057,97.16127580981224,3.625,16,2040.386792006057,21,97.16127580981224,1.0023054945339684,76.28405323354323,9728.060916150536,0.20974239466558078,0.146,0.375,0.115,0.084,0.187,0.06,0.004
226,2,63,148,4.698412698412699,10699.578001817395,72.29444595822565,3.126984126984127,59,6287.279908512957,86,73.10790591294136,1.048101981858725,164.34473906859168,17513.243661284083,0.35900145227877045,0.411,0.213,0.115,0.039,0.154,0.039,0.013
227,0,41,76,3.707317073170732,9428.57648564916,124.06021691643632,2.6097560975609757,31,5356.360946658123,43,124.56653364321215,1.1097636797822097,53.716106993329475,9281.38250663159,0.577108091691187,0.149,0.108,0.321,0.18,0.137,0.053,0.0
228,2,60,113,3.7666666666666666,9413.020892652707,83.30106984648413,3.466666666666667,58,7251.833938567482,86,84.32365044845909,1.0167612831492032,167.91128851307997,20994.220357030164,0.34542049265187974,0.308,0.147,0.262,0.05,0.179,0.044,0.01
229,2,46,73,3.1739130434782608,5713.528276100169,78.26751063150917,3.739130434782609,46,5713.528276100173,73,78.26751063150921,1.0003595846641637,160.5669184533503,19943.557147597556,0.28648491509391727,0.173,0.27,0.23,0.104,0.11,0.077,0.028
230,2,35,61,3.4857142857142858,4806.207331285468,78.7902841194339,3.4,35,4047.790750405046,53,76.37341038500087,1.0026557927917956,172.99935887313285,20007.577276362004,0.20231288848686926,0.225,0.306,0.174,0.042,0.111,0.107,0.006
231,2,15,20,2.6666666666666665,1724.9082503490793,86.24541251745396,3.8,15,1724.9082503490793,20,86.24541251745396,1.0009105245681982,147.70952981422093,16985.692442115535,0.1015506583689352,0.149,0.343,0.106,0.186,0.091,0.09,0.008
232,2,14,19,2.7142857142857144,1863.991760245835,98.10482948662289,3.4285714285714284,13,1812.8908506901532,18,100.71615837167518,1.0017137875983155,100.87389497302489,14067.181636159714,0.12887377852789747,0.155,0.373,0.171,0.124,0.084,0.082,0.003
233,2,35,47,2.6857142857142855,3759.468417476103,79.9886897335341,3.2857142857142856,35,3611.7657449421786,46,78.5166466291778,1.0829686024096077,186.06703186023483,19200.872341024602,0.18810425280653922,0.113,0.451,0.197,0.088,0.098,0.041,0.009
234,2,59,125,4.237288135593221,8427.548749623194,67.42038999698556,2.983050847457627,52,5222.607702159915,77,67.82607405402487,1.0359813327207203,159.11463389432186,15980.640625054622,0.32680840679014167,0.326,0.294,0.171,0.027,0.028,0.112,0.022
235,2,89,147,3.303370786516854,11803.787429636917,80.29787367099944,3.0,79,9456.337005818927,116,81.5201466018873,1.0592781669759204,110.23584134822504,13195.281846946893,0.7166453218281897,0.114,0.202,0.2,0.263,0.119,0.075,0.002
236,0,8,7,1.75,774.8626716803769,110.69466738291099,3.25,8,774.8626716803772,7,110.69466738291102,1.0021087371512722,91.31957769246027,8845.016493437943,0.08760443491035234,0.014,0.259,0.46,0.136,0.107,0.011,0.0
237,2,34,51,3.0,4071.472764128501,79.83279929663728,3.588235294117647,34,3826.045228822926,48,79.70927560047762,1.00137503204354,172.23399717823378,19381.619504261253,0.197405858059577,0.227,0.219,0.248,0.077,0.13,0.066,0.029
238,2,22,30,2.727272727272727,2312.275457591969,77.07584858639896,3.6363636363636362,22,2207.657914400889,29,76.12613497934099,1.0076036142870577,197.4088285466647,19809.59830516602,0.11144385062190623,0.149,0.212,0.257,0.164,0.148,0.03,0.0
239,2,26,36,2.769230769230769,3371.283147883449,93.64675410787359,3.576923076923077,26,3371.283147883449,36,93.64675410787359,1.004284437716915,131.72542613475662,17080.142664456576,0.1973802686612811,0.143,0.29,0.135,0.151,0.266,0.015,0.0
240,0,17,22,2.588235294117647,2067.2465218692573,93.96575099405715,3.3529411764705883,17,1978.8057685076358,21,94.22884611941123,1.0069974183430406,86.25334631923852,10039.918779388001,0.1970938024488936,0.096,0.386,0.283,0.076,0.1,0.042,0.01
241,2,25,60,4.8,2873.2273667455775,47.887122779092955,2.8,21,1436.6136833727885,30,47.88712277909295,1.0120796828863339,116.79701234517123,7990.104100577785,0.17979911967215836,0.545,0.164,0.137,0.049,0.074,0.019,0.0
242,1,129,318,4.930232558139535,17490.982647307577,55.003090085872884,2.7131782945736433,105,8849.803113676973,163,54.29327063605505,1.0647191145761254,191.84212828015004,16169.191087505611,0.5473250372132386,0.337,0.243,0.061,0.039,0.219,0.066,0.0
243,1,120,313,5.216666666666667,26543.40332184748,84.80320550111016,2.7083333333333335,95,13384.363527877384,157,85.25072310749925,1.0809816899974982,86.5056341521779,12187.608996866464,1.0981943653852544,0.335,0.289,0.094,0.049,0.139,0.038,0.0
244,1,167,470,5.62874251497006,29633.410802642524,63.04981021838835,2.8622754491017965,134,14816.705401321227,235,63.0498102183882,1.0735256440908616,173.80056562559565,19217.550592966025,0.7709986415617613,0.52,0.19,0.132,0.041,0.066,0.028,0.0
246,0,50,109,4.36,14106.870471674998,129.42083001536696,2.48,36,7454.986633016362,57,130.78923917572564,1.1257966887669282,38.858913009560894,8047.01880721728,0.9264283844260522,0.225,0.304,0.091,0.094,0.214,0.02,0.004
247,0,14,20,2.857142857142857,3541.7872207179953,177.08936103589977,2.857142857142857,13,2127.7687283193704,16,132.98554551996065,1.7461671398328291,54.326837695958595,8891.918950610974,0.23929241147358513,0.288,0.105,0.358,0.0,0.178,0.035,0.0
248,2,74,186,5.027027027027027,13785.256024339278,74.11427970074881,2.5675675675675675,53,6892.62801216964,93,74.11427970074882,1.1049022524415402,102.90969683786307,13383.36338016114,0.5150146354381249,0.335,0.172,0.296,0.069,0.095,0.005,0.009
250,0,7,12,3.4285714285714284,2147.215394748763,178.9346162290636,2.142857142857143,4,1073.6076973743816,6,178.9346162290636,1.2224257727353236,8.596171645774163,2307.2290117136367,0.46532342126583537,0.427,0.153,0.359,0.0,0.031,0.0,0.031
251,0,44,94,4.2727272727272725,8583.178265626293,91.31040708113078,2.4545454545454546,29,4477.529228201028,49,91.37814751430669,1.0934224052651718,62.68795308807139,9678.866972687398,0.46260881989969266,0.361,0.344,0.09,0.013,0.165,0.02,0.0
252,1,107,262,4.897196261682243,22178.56267940214,84.65100259313795,2.6261682242990654,83,11089.281339701069,131,84.65100259313793,1.110133242811464,94.15671666421895,12579.883386892096,0.8815090727514856,0.459,0.177,0.145,0.019,0.13,0.052,0.0
253,2,49,111,4.530612244897959,8275.435343225328,74.55347156058855,2.877551020408163,41,4201.343870872154,59,71.20921815037549,1.0507770816774773,127.84599459285728,13100.609409713548,0.3206983537542181,0.273,0.276,0.144,0.056,0.169,0.06,0.0
254,1,106,258,4.867924528301887,18223.493804959377,70.6336969184472,2.650943396226415,82,9111.746902479692,129,70.63369691844723,1.13945290066405,126.49315883796139,14055.776197886176,0.6482564017951561,0.585,0.243,0.049,0.029,0.061,0.02,0.0
255,2,88,230,5.2272727272727275,14841.307675497404,64.52742467607567,2.875,72,7420.653837748707,115,64.52742467607571,1.0728925027873863,172.13457711405462,17740.987642648055,0.4182773804492141,0.447,0.192,0.133,0.015,0.093,0.042,0.02
256,2,34,72,4.235294117647059,4205.337884861469,58.407470623075966,2.9411764705882355,32,2716.7172520533536,46,59.059070696812036,1.0553270190704027,86.54609241420349,7347.539448733453,0.36974517401490825,0.324,0.123,0.161,0.13,0.114,0.055,0.0
257,2,54,115,4.2592592592592595,8821.718290126373,76.71059382718586,3.1481481481481484,52,5118.8152795693995,73,70.12075725437533,1.0341355143662667,176.53777532959242,17378.158880352068,0.2945545218462001,0.413,0.206,0.124,0.064,0.054,0.064,0.0
258,2,52,156,6.0,12901.094223072909,82.69932194277506,3.269230769230769,48,6450.547111536453,78,82.69932194277503,1.030875144994457,66.07013751285672,8878.927806091127,0.7265006825611584,0.3,0.232,0.14,0.106,0.129,0.08,0.006
259,1,126,356,5.650793650793651,17631.99419794434,49.52807358973129,3.0238095238095237,118,8815.997098972171,178,49.5280735897313,1.015492272218224,281.46969953816966,21029.11910658536,0.4192280739049789,0.396,0.2,0.133,0.077,0.11,0.056,0.005
260,1,163,413,5.067484662576687,20353.44373447622,49.28194608832014,2.852760736196319,141,10269.579326253224,215,47.76548523838709,1.0318107650824935,349.6795104959213,25468.521076618872,0.4032263709132727,0.396,0.214,0.084,0.059,0.195,0.023,0.0
261,2,46,124,5.391304347826087,9659.849018504796,77.90200821374836,3.1956521739130435,43,4884.907649302191,63,77.53821665559033,1.0085114751975184,148.13732401768488,16828.770866073162,0.2902712080506233,0.235,0.303,0.131,0.04,0.192,0.08,0.01
262,2,84,226,5.380952380952381,17153.687911176494,75.90127394325883,3.011904761904762,76,8922.960063474628,117,76.26461592713356,1.0301078592405113,201.26810128822416,23630.358287449875,0.3776057880685469,0.247,0.225,0.082,0.139,0.219,0.043,0.0
263,1,104,287,5.519230769230769,18243.730999326934,63.567006966295935,3.0384615384615383,89,9390.596570578893,149,63.024138057576465,1.0355986184556283,199.98656576659147,21101.046726400047,0.4450298931772936,0.407,0.192,0.061,0.12,0.152,0.019,0.012
264,0,5,8,3.2,652.5739106927041,81.57173883658801,2.2,3,326.28695534635204,4,81.57173883658801,1.0158511130867456,20.20807740813818,2197.8773503016023,0.14845548833813565,0.204,0.167,0.223,0.074,0.13,0.093,0.0
265,2,58,148,5.103448275862069,9072.15754003419,61.29836175698777,2.7241379310344827,48,4536.078770017099,74,61.298361756987816,1.0454496558437891,183.27528357696812,17319.815060465597,0.2619011088848866,0.478,0.192,0.042,0.13,0.079,0.078,0.0
266,2,69,181,5.246376811594203,13263.940117218019,73.28143711170176,3.3043478260869565,68,7673.493047994077,105,73.08088617137216,1.0085229875275872,230.56108291192632,26017.777453862538,0.29493268829751207,0.07,0.046,0.035,0.52,0.145,0.019,0.013
267,2,85,219,5.152941176470589,15149.38378739327,69.1752684355857,3.3529411764705883,84,9086.08921042351,133,68.3164602287482,1.0134803474696235,196.4481587450503,21249.35113786865,0.42759372516702937,0.319,0.105,0.253,0.086,0.061,0.07,0.021
268,2,67,169,5.044776119402985,13912.154449605852,82.32044053021214,3.3582089552238807,67,7923.325884876015,99,80.03359479672743,1.0212862223305241,172.04321334375987,20345.588740356106,0.3894370414142822,0.265,0.14,0.068,0.26,0.091,0.108,0.016
269,0,26,54,4.153846153846154,6668.966660326243,123.49938259863413,2.230769230769231,16,3334.4833301631206,27,123.4993825986341,1.1236812873073794,29.97041691443771,6245.990974951961,0.5338597739790629,0.375,0.252,0.143,0.029,0.135,0.027,0.01
270,0,21,48,4.571428571428571,4670.899102199273,97.31039796248486,2.857142857142857,19,2335.4495510996367,24,97.31039796248486,1.0460896085293099,43.161811652027325,5305.380718282857,0.4402039505009416,0.25,0.206,0.108,0.212,0.137,0.036,0.0
271,1,115,295,5.130434782608695,15471.349357131981,52.445252058074516,3.1478260869565218,112,8761.753891595441,167,52.465592165242164,1.0207593853309025,406.08102533773337,31767.696464785287,0.27580702621318187,0.26,0.146,0.235,0.11,0.083,0.03,0.051
272,2,76,206,5.421052631578948,12406.520919944798,60.225829708469895,3.1315789473684212,74,6859.048534038566,114,60.16709240384707,1.0285483799246289,265.03323634954523,24565.889611551956,0.27921026441530294,0.36,0.138,0.237,0.092,0.102,0.033,0.0
273,1,102,290,5.686274509803922,21166.609592976252,72.98830894129742,3.3627450980392157,101,10995.113045044347,151,72.81531817910164,1.013517131002424,214.95137771936405,23400.145516954795,0.46987370386554794,0.316,0.113,0.135,0.174,0.138,0.049,0.023
274,2,37,100,5.405405405405405,8302.493258955725,83.02493258955725,3.4594594594594597,37,4651.195332291733,54,86.13324689429136,1.003816733309346,154.70979488452656,19448.256103424905,0.23915744977631398,0.236,0.216,0.026,0.307,0.136,0.034,0.013
275,2,56,145,5.178571428571429,10355.8504898382,71.41965855060828,3.107142857142857,55,5593.8755242791585,78,71.71635287537383,1.0452704024798598,171.12099764258124,17404.173825510305,0.32141000086312005,0.052,0.219,0.097,0.414,0.064,0.07,0.0
276,0,11,20,3.6363636363636362,1149.1801523691074,57.459007618455374,2.6363636363636362,9,574.5900761845536,10,57.45900761845536,1.0038434882809646,28.52420031532591,1821.0802702540648,0.3155215536459525,0.325,0.041,0.043,0.43,0.068,0.041,0.042
277,0,10,18,3.6,3754.147127205451,208.5637292891917,2.4,7,1877.0735636027255,9,208.5637292891917,1.0840005070686078,13.035443453411125,3495.4980423194625,0.5369974581239302,0.337,0.211,0.126,0.115,0.084,0.0,0.084
278,2,38,82,4.315789473684211,5580.880362481313,68.05951661562577,2.736842105263158,31,2996.5424276498916,46,65.14222668804112,1.0131801651899672,202.77165345728494,19600.447184176617,0.15288132967032464,0.416,0.054,0.277,0.084,0.069,0.027,0.031
279,2,42,108,5.142857142857143,7424.420200029209,68.74463148175194,3.261904761904762,41,4367.459745231652,62,70.44289911663955,1.0469067591254413,178.07116897626616,18968.747860736243,0.23024502077292813,0.335,0.072,0.236,0.105,0.125,0.05,0.013
280,0,12,28,4.666666666666667,1708.8099274550161,61.02892598053629,2.6666666666666665,10,854.4049637275081,14,61.02892598053629,1.1269987673525679,38.48967431312536,3288.5768785389473,0.2598099406777755,0.441,0.143,0.059,0.097,0.184,0.044,0.0
281,0,25,50,4.0,4759.840871381003,95.19681742762006,2.6,20,2397.6512756014586,26,92.21735675390225,1.107419517319508,53.70208892138622,6437.944100241231,0.372424991312307,0.239,0.242,0.078,0.077,0.09,0.204,0.0
282,1,135,346,5.125925925925926,21742.759824987465,62.84034631499267,2.651851851851852,103,10871.379912493743,173,62.840346314992736,1.0535255268608008,176.64544970282577,18644.464014880814,0.5830888945810888,0.45,0.108,0.222,0.036,0.097,0.049,0.017
283,2,66,162,4.909090909090909,11450.332221581693,70.6810630961833,2.9242424242424243,56,5725.166110790848,81,70.68106309618331,1.0417321978234635,144.935525434188,14817.49925831211,0.3863787006825207,0.537,0.106,0.097,0.026,0.146,0.025,0.029
284,0,4,6,3.0,437.41776976182757,72.90296162697126,1.75,1,218.70888488091379,3,72.90296162697126,1.0909854796354415,3.8879727856669577,850.3341924005604,0.2572034464043853,0.547,0.094,0.165,0.007,0.143,0.007,0.022
285,2,74,178,4.8108108108108105,16151.59166648078,90.73927902517292,2.5405405405405403,55,8193.467193365072,90,91.03852437072302,1.0757795531960888,80.47959334745883,11989.216505959379,0.6834030555117938,0.317,0.067,0.23,0.089,0.16,0.027,0.008
286,2,36,86,4.777777777777778,7985.7248770115375,92.85726601176206,2.5833333333333335,27,3992.86243850577,43,92.85726601176209,1.2112848220376555,118.92638490769374,17587.285009081847,0.22703120103210403,0.404,0.206,0.226,0.017,0.103,0.009,0.0
287,0,17,28,3.2941176470588234,3651.689406948759,130.41747881959853,2.764705882352941,14,2065.9172663847935,18,114.77318146582186,1.1549616473078181,30.35574598526828,4479.461411782615,0.4611976924169228,0.013,0.089,0.006,0.765,0.055,0.052,0.0
288,0,43,69,3.2093023255813953,7752.358635732629,112.35302370627,2.6511627906976742,35,4896.7590363499185,45,108.81686747444263,1.144254650415416,103.0287712254459,14414.487614349448,0.33971093301126115,0.016,0.039,0.048,0.706,0.04,0.087,0.0
289,0,45,76,3.3777777777777778,5960.269527195972,78.42459904205226,2.7777777777777777,40,3733.9943576125797,55,67.8908065020469,1.1227945366269372,67.86115625573612,6334.829363999608,0.5894388219566905,0.017,0.06,0.022,0.629,0.094,0.074,0.0
290,0,47,79,3.3617021276595747,7205.819926832473,91.21291046623384,2.872340425531915,41,5123.704516390647,57,89.88955291913416,1.088898424540485,74.50182748463926,9310.374389326902,0.55032207107206,0.071,0.055,0.144,0.589,0.061,0.036,0.0
291,0,26,36,2.769230769230769,4630.987684344992,128.6385467873609,3.076923076923077,25,3733.927998596598,33,113.149333290806,1.0647541371864686,38.021896232539774,5678.840916096591,0.6575158652556782,0.069,0.06,0.012,0.62,0.069,0.052,0.0
292,0,44,82,3.727272727272727,6547.612282161248,79.84893027025912,2.2954545454545454,27,3477.049044806658,47,73.97976691077996,1.0904634259998467,58.45975506495513,7528.423537341979,0.46185619440245806,0.102,0.079,0.067,0.582,0.129,0.02,0.0
293,2,54,91,3.3703703703703702,10059.42253494254,110.54310477958835,3.111111111111111,52,6667.972276739663,68,98.05841583440682,1.0981649564919596,105.72524932667396,13557.17368195482,0.49184088314919355,0.021,0.146,0.081,0.534,0.067,0.093,0.0
294,0,35,58,3.3142857142857145,5450.356570818826,93.97166501411769,2.7714285714285714,28,3382.3818857844044,40,84.55954714461011,1.0491291287979012,77.16399703458512,9321.360921589365,0.3628635254268946,0.059,0.021,0.014,0.76,0.017,0.021,0.0
295,0,10,12,2.4,943.4622398885631,78.62185332404692,2.8,9,603.5446028423368,10,60.354460284233674,1.021334443919705,79.09247214640105,5303.981632157578,0.11379085462572089,0.335,0.058,0.0,0.337,0.0,0.103,0.0
296,0,32,39,2.4375,2618.1477132645477,67.13199264780891,3.0,31,2265.923536114366,36,62.94232044762128,1.0364222788163522,130.45053792134505,9535.191747572753,0.23763796220366223,0.047,0.047,0.0,0.757,0.101,0.047,0.0
297,0,10,13,2.6,1096.2585637161912,84.32758182432241,2.7,8,994.0975137766775,10,99.40975137766775,1.7819013166893996,14.05955797363007,1747.0714532980894,0.5690079314730021,0.032,0.128,0.129,0.5,0.089,0.069,0.0
298,2,63,125,3.9682539682539684,13223.48154814244,105.78785238513952,2.5873015873015874,48,7232.708255573844,77,93.93127604641356,1.0506631787761387,71.08117592683107,10710.612665455996,0.6752842700493564,0.05,0.059,0.105,0.551,0.101,0.105,0.0
299,0,43,73,3.395348837209302,10376.405942299529,142.14254715478808,2.627906976744186,34,6175.350654085959,48,128.65313862679082,1.1390880242530939,55.43327200320819,10068.232133033429,0.6133500472068879,0.048,0.068,0.141,0.557,0.06,0.052,0.01
300,2,31,58,3.7419354838709675,5452.920803918071,94.01587592962191,2.806451612903226,26,3070.36199390172,33,93.04127254247636,1.04117234783333,111.70472517072712,13191.305488593744,0.23275649226352918,0.074,0.115,0.122,0.52,0.043,0.088,0.015
301,2,42,63,3.0,4907.263014992635,77.89306373004183,3.261904761904762,39,4706.642171679374,60,78.44403619465623,1.097009160036694,147.44322434215997,17793.910195312637,0.26450859423350476,0.057,0.155,0.233,0.258,0.165,0.083,0.007
302,0,29,52,3.586206896551724,6317.211245841261,121.48483165079348,2.896551724137931,25,4141.603488584886,33,125.50313601772382,1.03877381481573,60.41288929563447,10008.249322491689,0.4138189762396704,0.03,0.127,0.178,0.421,0.081,0.091,0.001
303,2,51,84,3.2941176470588234,6798.532559643082,80.93491142432241,2.5098039215686274,37,4057.7109559381297,55,73.77656283523872,1.0484000241285314,114.40032859304898,12546.0396404037,0.32342564444564137,0.027,0.059,0.111,0.477,0.173,0.148,0.006
304,0,20,28,2.8,3141.9685135587097,112.21316119852534,2.85,17,2244.0067274361218,21,106.8574632112439,1.0538210606528349,66.82412080509303,8820.810390684286,0.25439915699877547,0.065,0.094,0.177,0.456,0.11,0.06,0.024
305,0,17,19,2.235294117647059,2155.7012615932986,113.4579611364894,3.0588235294117645,17,1859.066153816798,18,103.28145298982211,1.1054509142583584,104.82012515502876,11462.79687732675,0.16218259589803993,0.034,0.13,0.0,0.264,0.0,0.0,0.0
306,2,42,60,2.857142857142857,6422.602272957344,107.04337121595573,3.119047619047619,38,5774.343685049709,54,106.9322904638835,1.0207280467974713,93.49957218784719,14207.859584677495,0.4064189718820888,0.036,0.116,0.459,0.182,0.162,0.035,0.004
307,2,26,47,3.6153846153846154,5982.063488630849,127.2779465666138,2.9615384615384617,25,3912.033923201666,32,122.25106010005206,1.0350486521520985,96.01862018637931,15025.123977125284,0.2603661659735699,0.118,0.145,0.05,0.356,0.197,0.087,0.0
308,2,50,73,2.92,5320.236414359061,72.87995088163098,3.24,47,5110.403156660449,68,75.15298759794779,1.0056158317788122,169.44634758161487,18424.237224801454,0.27737393381915276,0.037,0.129,0.261,0.416,0.104,0.048,0.0
309,2,31,50,3.225806451612903,4952.664756126335,99.0532951225267,3.161290322580645,28,4084.868212108888,41,99.63093200265581,1.013037422090223,124.53899737743043,18168.76398410635,0.22482917471338418,0.079,0.195,0.23,0.289,0.138,0.053,0.007
310,2,73,120,3.287671232876712,10358.590904922527,86.32159087435438,3.0821917808219177,70,8532.773359911762,99,86.1896298980986,1.02649883881126,143.50009154953423,17492.196547410924,0.4878045668412481,0.105,0.137,0.216,0.311,0.104,0.057,0.009
311,2,67,104,3.1044776119402986,8432.683654236222,81.08349667534829,3.044776119402985,63,6900.266342688433,86,80.23565514753992,1.0426978667798044,172.39447911439512,18882.02891902166,0.36544093710910164,0.023,0.125,0.147,0.439,0.122,0.083,0.01
312,2,70,121,3.4571428571428573,13452.285268827583,111.17591131262466,2.9857142857142858,65,10671.115534450337,95,112.32753194158249,1.0322740102351637,114.59035245862853,18812.413695683237,0.5672379795102512,0.072,0.106,0.257,0.295,0.153,0.087,0.004
313,0,52,84,3.230769230769231,9335.967302232424,111.14246788371933,2.9615384615384617,48,7374.996416238109,67,110.07457337668819,1.0237790925375598,69.98496042828455,10752.892340607592,0.6858616437911239,0.084,0.111,0.139,0.397,0.174,0.08,0.0
314,0,17,20,2.3529411764705883,3405.02332782834,170.251166391417,3.0588235294117645,17,3253.142695055399,19,171.21803658186312,1.022644348216222,68.04784620558577,13021.72669399733,0.24982421851589093,0.052,0.077,0.395,0.226,0.2,0.023,0.006
315,2,39,56,2.871794871794872,5571.274930673587,99.4870523334569,3.1025641025641026,37,5035.45294382766,50,100.70905887655321,1.0686891772523301,140.19046086167367,19078.985644391112,0.2639266592932311,0.013,0.187,0.138,0.411,0.14,0.052,0.015
316,2,23,36,3.130434782608696,3727.437750452104,103.53993751255844,2.8260869565217392,20,2602.759029359131,27,96.3984825688567,1.1011811358204262,146.32160599996052,19041.994060336325,0.13668521380229653,0.146,0.174,0.207,0.163,0.197,0.063,0.0
317,0,15,15,2.0,1737.0694725158703,115.80463150105803,3.0,15,1737.0694725158703,15,115.80463150105803,1.1842020343936615,37.135926601679536,4300.512295557836,0.4039215221661279,0.144,0.134,0.219,0.287,0.06,0.084,0.071
318,2,77,132,3.4285714285714284,10430.617852940371,79.01983221924525,3.168831168831169,75,8359.3786024194,106,78.86206228697547,1.0167474168623232,180.8271039188034,20154.696309817526,0.4147608316155811,0.089,0.192,0.323,0.18,0.166,0.028,0.022
319,2,19,46,4.842105263157895,2909.3126043201914,63.245926180873724,3.210526315789474,18,1594.8582600163875,25,63.7943304006555,1.0005809574537627,323.90328356692777,28698.879291285833,0.05557214425793457,0.491,0.051,0.124,0.171,0.109,0.0,0.055
320,0,9,11,2.4444444444444446,667.4143019076539,60.674027446150355,3.0,9,427.1102955075429,9,47.4566995008381,1.001223116260284,131.97669426630983,6263.178320910249,0.06819385839320467,0.637,0.0,0.0,0.158,0.0,0.0,0.104
321,2,24,53,4.416666666666667,3781.9725025418156,71.357971746072,3.1666666666666665,20,2367.2551001138336,33,71.73500303375253,1.0044244558416242,208.97493840942823,24734.84943728466,0.09570525610499554,0.38,0.064,0.181,0.226,0.09,0.0,0.059
322,0,17,27,3.176470588235294,4867.722479352766,180.28601775380614,3.235294117647059,17,3801.8552771306545,22,172.81160350593885,1.0002667320315035,59.80581763122797,13374.88608025868,0.2842532829301768,0.052,0.234,0.131,0.181,0.328,0.027,0.017
323,1,128,337,5.265625,23020.718349907926,68.31073694334697,3.1484375,122,12752.285540803277,186,68.56067495055525,1.0099736743841676,224.90063918298688,23508.173517791955,0.5424617753119706,0.176,0.265,0.133,0.122,0.192,0.034,0.035
324,2,51,77,3.019607843137255,8082.109623583889,104.96246264394661,2.980392156862745,50,6439.392623299072,64,100.615509739048,1.0300796542594595,136.30061009351684,17553.862863747105,0.3668362156684012,0.061,0.338,0.286,0.172,0.138,0.0,0.004
325,2,93,222,4.774193548387097,15746.721512149414,70.93117798265502,2.935483870967742,83,9271.640841545393,128,72.43469407457339,1.0077627796870863,242.17206924276337,27052.198167141734,0.3427315142474062,0.18,0.196,0.146,0.152,0.176,0.034,0.027
326,0,21,27,2.5714285714285716,4289.589511762808,158.87368562084473,2.9047619047619047,20,3459.081695168847,25,138.3632678067539,1.0538341432167366,46.33973347844011,8014.646191713759,0.4315950588991873,0.033,0.224,0.261,0.101,0.311,0.021,0.0
327,1,96,214,4.458333333333333,15869.659813549837,74.15728884836372,3.2291666666666665,89,11065.7081130448,148,74.76829806111351,1.0418845228101101,183.14772524956,22771.45246269389,0.4859465214690883,0.318,0.171,0.137,0.141,0.131,0.034,0.018
328,1,119,235,3.9495798319327733,20627.189903572245,87.77527618541382,3.168067226890756,117,15680.759077667524,176,89.09522203220185,1.028526691480564,126.61173175550502,16968.957795421717,0.9240849831035732,0.128,0.227,0.167,0.226,0.203,0.01,0.02
329,2,25,52,4.16,4274.976400962413,82.21108463389257,3.36,25,2576.841207123194,31,83.12390990719982,1.0215892867083909,199.17245199000223,20529.43126446415,0.12551936650985707,0.085,0.188,0.068,0.365,0.086,0.141,0.066
330,0,7,14,4.0,646.1948625619459,46.156775897281854,3.142857142857143,7,323.09743128097296,7,46.156775897281854,1.0,104.97097132863101,4845.12159933562,0.06668510266600475,0.266,0.266,0.074,0.305,0.0,0.089,0.0
331,2,21,56,5.333333333333333,3767.3638470508063,67.27435441162154,3.4285714285714284,20,1883.6819235254027,28,67.27435441162153,1.0000026826504054,189.7638045312832,17872.732416749303,0.10539417698438341,0.472,0.061,0.263,0.009,0.055,0.061,0.0
332,2,15,38,5.066666666666666,3045.4828820788034,80.14428637049483,3.2,15,1522.7414410394013,19,80.1442863704948,1.0002193220055509,213.82729680108346,21706.912404296105,0.07015007075525072,0.152,0.121,0.216,0.213,0.061,0.116,0.0
333,0,8,10,2.5,1343.697422334877,134.3697422334877,3.5,8,993.2303733595934,7,141.89005333708477,1.0009759081261147,40.81997589089887,5067.954986830885,0.195982477338593,0.085,0.168,0.19,0.282,0.156,0.065,0.039
334,2,13,35,5.384615384615385,2400.212607694279,68.5775030769794,3.5384615384615383,13,1325.0201923314464,19,69.73790485954981,1.0105421220044213,275.69146359827516,28099.75047085573,0.047154162230220516,0.403,0.129,0.119,0.087,0.177,0.029,0.058
335,2,13,30,4.615384615384615,2108.958880209329,70.29862934031097,3.1538461538461537,12,1054.479440104664,15,70.29862934031094,1.0057210612668765,134.6361737097733,11830.923089276337,0.0891290926453959,0.53,0.117,0.0,0.043,0.195,0.059,0.056
336,2,32,90,5.625,6337.946828355184,70.42163142616872,3.59375,32,3360.9066225115166,48,70.01888796898993,1.0086736400761678,220.38325950527792,23146.486136311334,0.145201591408687,0.221,0.275,0.137,0.029,0.162,0.072,0.043
338,2,79,173,4.379746835443038,12297.977203012371,71.08657342781717,2.949367088607595,71,8009.061772716196,108,74.15797937700182,1.0165614678427146,251.31871666872416,28349.677837177063,0.2825097984786731,0.311,0.231,0.022,0.171,0.133,0.03,0.023
339,2,67,147,4.388059701492537,10024.140094123813,68.19142921172663,3.1791044776119404,66,6297.768219510727,93,67.71793784420137,1.003974597376878,209.55306941929888,19995.70698317857,0.3149560165493892,0.109,0.08,0.036,0.613,0.074,0.058,0.0
340,0,14,28,4.0,2915.4856280409394,104.12448671574784,2.9285714285714284,13,1457.7428140204697,14,104.12448671574784,1.0269855759720916,72.4346584430996,8122.3925254965825,0.17947209636133007,0.196,0.052,0.251,0.228,0.048,0.042,0.014
341,0,21,27,2.5714285714285716,4706.732502593579,174.3234260219844,3.142857142857143,21,3824.549832186171,22,173.8431741902805,1.0129331474648466,15.52755583593738,2827.9005269807476,1.3524343574664246,0.102,0.277,0.166,0.174,0.179,0.042,0.024
342,0,10,13,2.6,1475.9460775237617,113.53431365567397,3.2,10,1256.894334690661,11,114.26312133551464,1.0641463034423746,13.359020200793777,1679.0876807395796,0.7485578919482292,0.077,0.135,0.203,0.329,0.125,0.13,0.0
343,2,26,60,4.615384615384615,4253.2974373669,70.88829062278167,3.076923076923077,25,2299.806450916454,33,69.69110457322589,1.03582280761705,212.1950044657835,19520.297604906187,0.11781615718494097,0.283,0.0,0.233,0.136,0.072,0.204,0.072
344,2,27,59,4.37037037037037,4124.10054589758,69.90000925250135,3.3333333333333335,26,2794.879806488365,40,69.87199516220912,1.0037373880390092,246.90558330393208,26541.20880328425,0.10530341052674745,0.243,0.086,0.204,0.283,0.105,0.0,0.079
345,2,64,174,5.4375,10871.895376460287,62.482157335978656,3.140625,61,5840.232354246833,90,64.89147060274259,1.011195153918748,301.61294844428596,28876.880327280338,0.20224595898364736,0.395,0.079,0.159,0.058,0.232,0.011,0.019
346,2,79,189,4.784810126582278,13171.654458644289,69.69129343198037,3.329113924050633,79,7606.832992291059,115,66.14637384600921,1.0476406534278397,220.14645021223214,21197.687096331247,0.35885202747462003,0.259,0.227,0.114,0.114,0.162,0.0,0.027
347,2,62,129,4.161290322580645,10048.106706926963,77.89230005369738,2.9838709677419355,56,6346.224258476514,83,76.4605332346568,1.024136516473735,174.15507474586758,19736.199287303847,0.3215525018821123,0.146,0.279,0.124,0.363,0.039,0.049,0.0
348,0,18,38,4.222222222222222,6106.263303321883,160.69113956110218,2.5555555555555554,14,3053.131651660942,19,160.69113956110223,1.1877341168231095,29.945714291767636,6530.586295413658,0.4675126418289756,0.196,0.224,0.015,0.181,0.167,0.087,0.015
349,2,42,95,4.523809523809524,9785.704978655001,103.00742082794739,3.5,42,6658.4038136890185,64,104.03755958889091,1.0024914648202958,167.12013282113023,26494.12689810545,0.2513162196020564,0.334,0.107,0.121,0.242,0.115,0.051,0.022
350,2,48,90,3.75,6652.622995226791,73.91803328029768,3.3125,47,5067.932343199569,71,71.37932877745872,1.0207909196660838,248.2533934151719,26768.753229740352,0.18932268902120722,0.437,0.092,0.132,0.096,0.142,0.043,0.016
351,2,14,26,3.7142857142857144,2025.96334540296,77.92166713088308,3.4285714285714284,14,1484.867271718859,19,78.15090903783468,1.0046155633820382,172.36399200098842,18281.26075321992,0.08122346110386976,0.282,0.073,0.175,0.143,0.213,0.07,0.0
352,2,50,121,4.84,7529.759550218615,62.229417770401774,3.28,49,4336.266831472502,70,61.946669021035746,1.0072716385655998,226.56946904912144,20050.3198706539,0.2162692096408477,0.45,0.035,0.139,0.113,0.205,0.056,0.0
353,2,86,200,4.651162790697675,13255.761319156929,66.27880659578464,3.255813953488372,82,8079.176584457788,121,66.7700544170065,1.0217419329490438,226.06128241518311,22273.036823673738,0.36273349918186865,0.27,0.235,0.102,0.176,0.13,0.049,0.013
354,0,7,12,3.4285714285714284,1289.8985732660233,107.4915477721686,2.142857142857143,4,644.9492866330115,6,107.49154777216859,1.1343536657116393,29.66329495621605,4782.830230299037,0.13484678643772127,0.255,0.509,0.139,0.028,0.069,0.0,0.0
355,3,120,248,4.133333333333334,111588.81933578814,449.95491667656506,2.15,69,55794.40966789406,124,449.954916676565,1.3762189077400473,1.41793995337216,1146.5669948249406,48.662145273432394,0.385,0.131,0.091,0.024,0.309,0.033,0.004
356,0,2,2,2.0,778.5260582740889,389.26302913704444,2.0,1,389.2630291370444,1,389.2630291370444,1.4705632816148257,0.476043827701523,185.3062623730881,2.10064691906266,0.0,0.296,0.074,0.407,0.148,0.0,0.0
357,2,74,150,4.054054054054054,14389.004539617266,95.92669693078177,2.864864864864865,64,8531.35923817153,92,92.73216563229924,1.0472625278735463,83.8430419365186,11176.486099711265,0.7633310829592433,0.124,0.176,0.286,0.155,0.111,0.083,0.0
358,2,76,133,3.5,11775.97860951817,88.5411925527682,3.013157894736842,71,9433.713743267102,106,88.99729946478399,1.071885307899141,121.91958275493846,16199.358357868365,0.5823510743365309,0.185,0.127,0.334,0.103,0.085,0.023,0.059
359,3,278,572,4.115107913669065,109564.50964161317,191.54634552729576,2.129496402877698,156,54916.20557446181,288,190.68126935577018,1.1653256256497166,7.544583222011963,2655.8966871387465,20.677086514846405,0.261,0.358,0.023,0.124,0.123,0.018,0.019
360,0,52,116,4.461538461538462,11461.70728395033,98.80782141336492,2.3076923076923075,34,5730.853641975165,58,98.80782141336492,1.1111782277251825,43.128099314189974,7269.436030182125,0.7883491399031662,0.202,0.028,0.5,0.019,0.213,0.0,0.0
361,0,21,40,3.8095238095238093,3254.625525451083,81.36563813627707,2.0476190476190474,11,1627.3127627255412,20,81.36563813627706,1.1036976467549355,14.480571111770846,2142.2198347035887,0.7596385470638248,0.349,0.419,0.0,0.0,0.0,0.231,0.0
362,1,112,278,4.964285714285714,22447.952052685767,80.74802896649557,2.705357142857143,88,11339.221884178654,141,80.42001336296919,1.0724515379276207,92.1736038902925,11877.010754277495,0.9547201832830575,0.42,0.241,0.087,0.089,0.108,0.025,0.01
363,0,78,160,4.102564102564102,30204.324586575265,188.77702866609542,2.076923076923077,42,15102.162293287629,80,188.77702866609536,1.3262548083143095,5.4694653775048,1966.6846140141708,7.678995496112022,0.276,0.172,0.389,0.016,0.087,0.038,0.005
364,0,53,106,4.0,12224.275842847745,115.32335700799759,2.4150943396226414,37,6414.19624742312,57,112.52975872672141,1.181765686357067,47.988472957820626,8319.12116663835,0.7710184908888656,0.396,0.094,0.183,0.054,0.204,0.023,0.013
365,0,42,82,3.9047619047619047,30822.232828504882,375.8808881524986,2.4761904761904763,31,15493.232567939383,47,329.6432461263699,1.5917897595813812,1.7940821345140587,896.6494114842394,17.279030543602506,0.085,0.496,0.182,0.157,0.071,0.005,0.002
366,0,21,29,2.761904761904762,2342.0701661054104,80.76104021053139,2.9523809523809526,20,1737.9421951677743,27,64.3682294506583,1.0416513706307076,88.79445174832566,7715.981219510206,0.22523929824677505,0.083,0.166,0.111,0.469,0.051,0.013,0.006
367,0,7,12,3.4285714285714284,1349.0270999992895,112.41892499994078,2.142857142857143,4,674.5135499996449,6,112.41892499994081,1.0553729317019158,16.447378130461583,2773.494852741041,0.24319985643132674,0.028,0.139,0.056,0.547,0.028,0.0,0.078
369,3,199,418,4.201005025125628,104261.93753843252,249.4304725799821,2.120603015075377,109,52130.96876921627,209,249.43047257998217,1.2792093665694884,4.19497606343239,2006.313450921135,25.983461729413214,0.122,0.122,0.061,0.165,0.043,0.426,0.0
370,3,270,546,4.044444444444444,166514.97894477315,304.97248890984093,2.2222222222222223,164,94945.2610962702,292,325.15500375435,1.339176416125048,4.455259670401894,2579.3036137682348,36.810424561674566,0.335,0.385,0.097,0.098,0.046,0.0,0.0
371,1,143,323,4.5174825174825175,21911.338415470167,67.83696103860733,2.979020979020979,122,12838.660916629646,205,62.627614227461684,1.0350365395092047,94.3860142210356,9932.70517914803,1.2925643805055405,0.32,0.207,0.248,0.087,0.05,0.011,0.009
372,2,43,96,4.465116279069767,8614.708425980394,89.73654610396244,2.9302325581395348,41,5751.732699460396,56,102.70951249036422,1.042908282524196,119.70192806599177,16792.524240137096,0.34251745700701386,0.345,0.214,0.239,0.029,0.121,0.0,0.0
373,0,27,49,3.6296296296296298,5391.97515364725,110.04030925810716,2.4444444444444446,19,3680.295389447931,30,122.6765129815977,1.0778397080552073,26.349191353684205,5103.831971297119,0.7210847477238946,0.388,0.209,0.19,0.033,0.13,0.002,0.009
375,0,44,86,3.909090909090909,21442.297577529247,249.3290415991773,2.477272727272727,32,11922.9606857093,48,248.39501428561042,1.159454409364122,16.041416622791104,5976.911866769437,1.9948362886190163,0.133,0.426,0.055,0.12,0.221,0.0,0.0
376,2,80,150,3.75,9014.974921736184,60.09983281157456,2.9625,67,6623.178319102725,108,61.325725176877086,1.0126280635655773,178.7566917795148,17670.708140128518,0.3748111431970352,0.416,0.259,0.107,0.09,0.072,0.007,0.015
377,0,12,18,3.0,2328.9530880478546,129.38628266932525,2.8333333333333335,11,1646.1414975727678,13,126.62626904405906,1.275141057137389,20.237070437513587,3028.4619487722002,0.5435569359688164,0.313,0.17,0.129,0.112,0.163,0.0,0.019
378,0,33,66,4.0,7618.039784293328,115.42484521656557,2.303030303030303,21,3809.0198921466645,33,115.42484521656559,1.12750324449319,41.35812337067978,7501.614981941672,0.5077599825258908,0.414,0.09,0.017,0.404,0.0,0.052,0.0
379,3,103,224,4.349514563106796,91860.1081578397,410.08976856178435,2.262135922330097,65,45930.05407891989,112,410.08976856178475,1.3705499820738976,3.1218362609826804,2205.9401275764244,20.821079187394517,0.472,0.142,0.023,0.077,0.118,0.0,0.0
380,0,6,10,3.3333333333333335,2752.1893953182293,275.2189395318229,2.3333333333333335,4,1376.094697659115,5,275.21893953182297,1.1003570161304939,2.6185388394053586,900.8393531300416,1.527569474932194,0.41,0.205,0.036,0.012,0.274,0.047,0.0
381,0,78,162,4.153846153846154,59556.7186449568,367.6340657096099,2.128205128205128,44,29778.359322478413,81,367.63406570961,1.4228414063079389,4.317007811040284,2921.6684044341723,10.192244704184857,0.127,0.137,0.116,0.216,0.364,0.011,0.03
382,0,27,45,3.3333333333333335,12034.33948365686,267.4297663034858,2.5555555555555554,21,9449.550381949488,30,314.9850127316496,1.1004994294136428,6.150685638028344,2767.676848575332,3.4142535053590763,0.223,0.404,0.149,0.0,0.223,0.0,0.0
383,0,29,41,2.8275862068965516,8656.608023245128,211.1367810547592,3.0,29,7838.127997942958,36,217.72577772063772,1.0567150685824787,9.856889846459127,2664.122906143826,2.9421045027116355,0.126,0.212,0.198,0.162,0.302,0.0,0.0
384,2,18,36,4.0,2454.1905220465424,68.17195894573729,2.9444444444444446,16,1382.2565925597178,20,69.11282962798589,1.2474671244456013,233.313123887221,20156.162726488335,0.06857736818840113,0.565,0.1,0.13,0.07,0.069,0.0,0.013
385,3,28,57,4.071428571428571,43597.44260861549,764.8674141862367,2.357142857142857,19,21821.778580890255,29,752.4751234789743,1.4827877754719703,0.6432208591909159,738.7485877828502,29.5388430404751,0.323,0.268,0.048,0.014,0.154,0.01,0.004
386,3,128,264,4.125,157211.41383159327,595.497779665126,2.1171875,71,78605.70691579656,132,595.4977796651254,1.3648188998852737,1.1025940356908313,1220.7068115016734,64.39360063789469,0.408,0.221,0.022,0.032,0.238,0.014,0.006
387,0,16,28,3.5,11820.025353605688,422.1437626287746,2.625,13,7818.346967211799,18,434.3526092895444,1.2084274462533067,2.7281726340633354,1640.7538645814848,4.765094348387266,0.0,0.0,0.24,0.228,0.152,0.38,0.0
388,3,99,186,3.757575757575758,85329.66267995702,458.7616273115969,2.2626262626262625,61,47463.91380286337,107,443.58797946601277,1.259414401602724,1.3286945460576418,1033.8531705641733,45.909724082929806,0.513,0.176,0.049,0.059,0.195,0.0,0.0
389,0,13,26,4.0,4560.12621027763,175.3894696260627,2.230769230769231,8,2280.0631051388145,13,175.38946962606266,1.2842010072202363,16.06488989162523,4578.620341251522,0.4979803816875502,0.349,0.073,0.0,0.166,0.166,0.0,0.0
390,0,100,204,4.08,53963.537070923805,264.52714250452846,2.12,55,26981.768535461906,102,264.5271425045285,1.3213540400359711,2.8497648347135636,1398.0308209225495,19.299838123494908,0.253,0.111,0.145,0.229,0.242,0.019,0.0
391,0,15,34,4.533333333333333,3250.362790710473,95.59890560913155,2.933333333333333,14,1625.1813953552369,17,95.59890560913158,1.2113253519254794,6.679625780227642,775.4002532829409,2.0959257989334366,0.237,0.32,0.067,0.08,0.217,0.0,0.019
392,0,22,42,3.8181818181818183,9982.870211818217,237.68738599567183,2.6818181818181817,18,5338.31329031071,23,232.10057783959607,1.1045585942333445,13.319578041992527,3950.2266934944114,1.3513941615306089,0.196,0.343,0.098,0.0,0.315,0.0,0.0
393,3,407,834,4.098280098280099,217862.39363947554,261.2258916540474,2.135135135135135,228,112724.25201123243,425,265.2335341440763,1.2569937451590112,4.969591186488077,2456.9888127126383,45.87902534516599,0.38,0.22,0.101,0.078,0.144,0.027,0.007
394,1,124,261,4.209677419354839,38171.62526501983,146.25143779701085,2.314516129032258,79,20820.056599216892,137,151.97121605267805,1.2288812621737129,19.765395655684344,5209.071598193212,3.9968843212749112,0.429,0.175,0.138,0.009,0.181,0.038,0.0
395,0,13,26,4.0,4310.376253483779,165.7837020570684,2.3076923076923075,8,2155.1881267418894,13,165.7837020570684,1.5375819430051367,22.774253131452724,6135.34999304015,0.35127386851389125,0.171,0.134,0.036,0.301,0.234,0.011,0.019
396,0,13,24,3.6923076923076925,1095.8394809362187,45.659978372342444,2.230769230769231,8,547.9197404681092,12,45.65997837234244,1.1022635479912462,52.222728981285684,3576.7330137453077,0.15319000282169945,0.348,0.143,0.053,0.042,0.259,0.061,0.082
397,0,8,9,2.25,830.9982035350761,92.33313372611957,3.125,8,729.89534901529,8,91.23691862691125,1.0110965277925197,35.481380530283644,3237.2118282119623,0.22547037010501705,0.269,0.108,0.157,0.131,0.282,0.0,0.054
398,2,103,181,3.5145631067961167,11570.593958316469,63.92593347136171,3.2233009708737863,98,9653.430533963303,153,63.094317215446424,1.0175639392770233,222.15747977536245,21883.487740936926,0.44112851882859866,0.219,0.119,0.253,0.182,0.144,0.029,0.018
399,1,153,295,3.8562091503267975,21627.26055904677,73.31274765778565,2.627450980392157,117,13708.329493383137,186,73.70069620098461,1.0486186216747024,106.90114087071755,12525.09454935353,1.0944691426773046,0.369,0.12,0.169,0.185,0.088,0.012,0.011
400,0,6,10,3.3333333333333335,1426.2487117663563,142.62487117663562,2.0,3,713.1243558831782,5,142.62487117663562,1.0500945933756474,9.294340940847063,2209.3402989334045,0.3227770553171237,0.5,0.214,0.214,0.0,0.0,0.071,0.0
401,0,34,56,3.2941176470588234,4391.20671127577,78.4144055584959,2.9411764705882355,29,3411.220300242392,43,79.33070465679981,1.1168549329949047,106.86697321329827,12570.578912091827,0.27136540998609765,0.212,0.258,0.243,0.118,0.099,0.019,0.002
402,2,45,95,4.222222222222222,6772.1808744758155,71.28611446816647,2.5555555555555554,35,3520.902817120847,49,71.8551595330785,1.0304535331840974,93.22954247613602,9378.633106946143,0.37541748109467504,0.036,0.163,0.098,0.104,0.111,0.09,0.0
403,1,129,271,4.2015503875969,33316.244967778934,122.93817331283739,2.2635658914728682,79,17090.717562661135,140,122.07655401900811,1.1183504851632904,31.510449638524165,6816.913861322458,2.507104814633171,0.151,0.278,0.016,0.074,0.207,0.0,0.0
404,0,13,16,2.4615384615384617,2192.664256133422,137.04151600833887,2.769230769230769,12,1673.9817962521736,13,128.76783048093642,1.0854026975498028,83.66493623428312,11671.131686732402,0.14342926129049982,0.064,0.058,0.11,0.1,0.662,0.005,0.0
405,0,10,20,4.0,1054.1882432101172,52.70941216050586,2.2,6,527.0941216050586,10,52.70941216050586,1.1729728227808396,22.30057965727929,1959.0840742895443,0.2690513023522013,0.467,0.095,0.098,0.191,0.128,0.007,0.006
406,0,6,10,3.3333333333333335,750.1060148768001,75.01060148768002,1.8333333333333333,2,375.0530074384001,5,75.01060148768002,1.412786381789923,12.43518247250656,2331.926292179432,0.16083398891989562,0.511,0.156,0.089,0.044,0.155,0.0,0.044
407,0,19,33,3.473684210526316,3940.8060955119126,119.41836653066402,2.526315789473684,14,2264.801349618574,20,113.2400674809287,1.14430970520917,17.539253101178854,2837.3517210608306,0.7982095884721013,0.032,0.032,0.119,0.492,0.099,0.029,0.004
408,2,37,55,2.972972972972973,4227.8905429955685,76.87073714537397,3.2162162162162162,37,3528.2427056600986,47,75.0689937374489,1.0211196167193775,206.27395833354396,19669.853752917883,0.17937310312420138,0.109,0.188,0.057,0.446,0.039,0.091,0.007
409,2,68,111,3.264705882352941,7875.202804292126,70.94777301164078,2.676470588235294,51,5985.844519926891,82,72.99810390154745,1.053740390224142,104.65782384254489,12283.636496379828,0.4873023165160422,0.188,0.085,0.087,0.33,0.09,0.049,0.01
410,2,68,117,3.4411764705882355,9045.02141613863,77.30787535161222,2.8088235294117645,57,6327.625962797809,83,76.23645738310613,1.013512222303951,119.84660435930031,13304.289215737996,0.47560796824175267,0.119,0.151,0.21,0.323,0.059,0.039,0.018
411,1,143,262,3.664335664335664,20416.897950346203,77.92709141353512,2.8531468531468533,123,14366.09956877188,193,74.4357490609942,1.086958941187352,137.41699327701645,16049.969169584345,0.8950858046504228,0.286,0.167,0.084,0.215,0.119,0.022,0.016
412,1,132,247,3.742424242424242,26844.50578454349,108.68220965402223,2.4166666666666665,90,15154.479676751791,148,102.39513295102562,1.0984432888992715,46.48234242093676,7826.841261621153,1.9362191170353293,0.169,0.109,0.124,0.348,0.11,0.07,0.01
413,1,209,402,3.84688995215311,70139.28561102044,174.47583485328468,2.449760765550239,150,39211.494912342816,250,156.84597964937126,1.2251905570337411,15.67495113738664,4097.588445165723,9.569407820495975,0.076,0.039,0.066,0.351,0.142,0.003,0.012
414,0,22,37,3.3636363636363638,4682.522495815533,126.55466204906847,2.6818181818181817,18,2972.5029509502137,25,118.90011803800854,1.1230440384436717,47.13507871609749,7783.8422542705775,0.3818811910428119,0.062,0.046,0.027,0.685,0.1,0.0,0.0
415,0,51,123,4.823529411764706,11552.287125044513,93.92103353694726,2.7058823529411766,41,5816.466960035337,62,93.81398322637641,1.1553211418699902,70.40962580102394,9988.664930246521,0.5823067447605119,0.34,0.374,0.107,0.042,0.085,0.008,0.0
416,0,22,33,3.0,9681.51498099927,293.37924184846275,2.772727272727273,19,6325.986026090747,27,234.29577874410174,1.4877642559335624,10.488250267460137,3492.0276121102825,1.8115509751848333,0.049,0.135,0.089,0.539,0.14,0.0,0.0
417,0,3,4,2.6666666666666665,1260.2949694661515,315.0737423665379,1.6666666666666667,1,630.1474847330759,2,315.07374236653794,1.518468262263317,0.10589250500981003,66.72789568401643,9.443538991804553,0.055,0.0,0.0,0.606,0.05,0.0,0.0
418,2,87,205,4.712643678160919,16050.309602584668,78.29419318333984,2.8160919540229883,72,8672.47856936578,112,77.43284436933732,1.065917487671357,98.24655388912225,11833.90462663129,0.7328501321405815,0.36,0.189,0.165,0.075,0.151,0.035,0.009
419,2,64,160,5.0,14134.905868222111,88.34316167638819,3.09375,63,8555.615487181718,94,91.01718603384806,1.0189721938150178,171.0627203997871,23230.90253860087,0.36828597050698136,0.132,0.07,0.155,0.229,0.183,0.171,0.025
420,0,2,1,1.0,3.969221237305025,3.969221237305025,3.0,2,3.969221237305025,1,3.969221237305025,1.0,18.883968301224726,37.47732401290804,0.1059099426612726,0.151,0.421,0.077,0.015,0.222,0.0,0.033
421,2,80,186,4.65,16549.753307327428,88.97716831896467,3.025,73,9862.550485147702,107,92.17336902007197,1.0278220360527475,129.80789450890836,17537.491958422408,0.5623694943683892,0.2,0.236,0.055,0.326,0.043,0.04,0.036
422,0,20,44,4.4,3765.914345880673,85.58896240637893,2.7,17,1882.9571729403372,22,85.58896240637897,1.104030420005153,70.83716310427572,7846.079081055327,0.2399870245364736,0.317,0.169,0.091,0.135,0.122,0.057,0.031
423,0,32,62,3.875,6864.532932128653,110.71827309884924,2.125,18,3432.2664660643263,31,110.71827309884924,1.217844634212907,17.018198538619192,3245.0551198293097,1.0576912685060536,0.158,0.278,0.095,0.079,0.039,0.0,0.0
424,2,38,64,3.3684210526315788,5110.707374493455,79.85480272646024,2.9210526315789473,34,3287.707604749903,45,73.0601689944423,1.041843912202146,148.6506139641205,14374.110411193562,0.22872424871522234,0.238,0.314,0.076,0.297,0.0,0.0,0.0
425,0,20,31,3.1,1991.9031938772735,64.25494173797657,2.95,17,1534.2668175745414,22,69.7394007988428,1.1028827586984642,60.85171174974497,5491.927184132032,0.2793676547656237,0.077,0.394,0.174,0.067,0.167,0.024,0.031
426,0,40,86,4.3,8546.839406921872,99.38185356885897,2.825,35,4850.174516730139,50,97.00349033460277,1.1766323911783785,77.39685483320294,10725.378656773222,0.4522147582796238,0.172,0.205,0.099,0.275,0.144,0.051,0.013
427,1,153,278,3.633986928104575,21024.031472881867,75.62601249238081,2.973856209150327,137,15004.849495602437,206,72.83907522137105,1.0575458718061368,157.36263844093773,17235.05624844652,0.8706005526935775,0.193,0.128,0.133,0.351,0.069,0.062,0.005
428,0,9,16,3.5555555555555554,2371.1036376150787,148.19397735094242,2.5555555555555554,7,1357.7587045392445,9,150.86207828213827,1.0181755744866345,16.899809038942095,3277.9804039535193,0.4142058637390491,0.311,0.23,0.27,0.037,0.074,0.078,0.0
429,0,6,6,2.0,1190.568105487055,198.42801758117582,3.0,5,965.7600580089462,5,193.15201160178924,1.0765874729101728,29.711617336744812,5738.858656534856,0.1682843428996517,0.381,0.0,0.104,0.122,0.393,0.0,0.0
430,0,14,32,4.571428571428571,2659.554449708165,83.11107655338016,2.9285714285714284,13,1329.7772248540823,16,83.11107655338014,1.0654695615582601,50.355265956561276,5150.86814003887,0.25816565066331665,0.041,0.251,0.163,0.21,0.184,0.041,0.0
431,2,24,41,3.4166666666666665,3132.3176594797246,76.39799169462744,3.0416666666666665,21,2204.269866711105,29,76.00930574865879,1.082753911046023,138.94448714345177,14584.340293139963,0.1511394977356588,0.444,0.343,0.039,0.039,0.039,0.0,0.058
432,0,31,52,3.3548387096774195,4344.074657193723,83.53989725372546,2.4516129032258065,21,2429.688739942688,32,75.927773123209,1.103924497841443,84.93599545313036,9827.049131823533,0.2472449976946262,0.492,0.238,0.067,0.025,0.172,0.0,0.0
433,3,581,1332,4.585197934595525,358634.21093252173,269.24490310249377,2.495697074010327,409,190135.8066831674,716,265.5528026301221,1.266977286532717,2.0913541236662216,972.2281255829969,195.56707081391255,0.28,0.385,0.059,0.073,0.147,0.0,0.028
434,2,49,130,5.3061224489795915,9227.905251786227,70.98388655220175,2.938775510204082,43,4613.952625893114,65,70.98388655220175,1.0954798181225858,143.1639619460509,15361.668329168451,0.3003549176447343,0.602,0.151,0.129,0.002,0.087,0.015,0.0
435,1,102,227,4.450980392156863,16620.087508047432,73.21624452884332,2.7450980392156863,79,9719.801548761146,135,71.9985299908233,1.0510582909737507,110.71242019621094,13621.553839116785,0.7135604104760029,0.409,0.256,0.087,0.081,0.101,0.043,0.004
436,1,185,536,5.794594594594595,38485.316487238415,71.80096359559406,3.075675675675676,155,19965.20632106456,276,72.33770406182812,1.0356573777667397,144.87054682770687,18660.453917810406,1.0699207215966402,0.466,0.25,0.094,0.027,0.118,0.025,0.002
437,0,6,12,4.0,677.0832378947416,56.42360315789514,2.3333333333333335,4,338.5416189473708,6,56.42360315789514,1.211853835577821,18.68068500769767,1581.0473363879616,0.21412491021350327,0.449,0.207,0.085,0.0,0.111,0.033,0.033
438,2,22,42,3.8181818181818183,3039.66709073157,72.37302596979929,3.3181818181818183,21,1895.1036161949169,27,70.18902282203396,1.0257422380051968,191.86811835778443,17314.760234873884,0.10945017952821338,0.562,0.156,0.109,0.05,0.059,0.014,0.004
439,0,52,100,3.8461538461538463,17042.83598742221,170.4283598742221,2.4615384615384617,38,10025.997053867703,57,175.89468515557374,1.1914277096315022,19.53617645309762,5154.464409542009,1.9451093765062093,0.105,0.231,0.268,0.07,0.206,0.0,0.114
440,2,23,29,2.5217391304347827,2485.8266645807444,85.71816084761187,3.130434782608696,23,2432.9956185788274,27,90.11094883625286,1.0745884626206643,182.7717465071294,19334.0373239933,0.12584001870936237,0.0,0.385,0.328,0.142,0.093,0.052,0.0
441,0,8,13,3.25,1821.0348940232016,140.07960723255397,2.875,7,1013.6117169841816,7,144.8016738548831,1.1221885673858158,25.218115514823918,3651.6253380123,0.2775782352129049,0.627,0.167,0.072,0.019,0.057,0.019,0.019
442,0,35,64,3.657142857142857,6977.6768320536685,109.02620050083857,2.8285714285714287,30,3603.0098791540127,40,90.07524697885032,1.085833284750577,52.088650885680494,6255.864124430374,0.5759411981285772,0.097,0.055,0.176,0.406,0.113,0.034,0.013
443,0,41,53,2.5853658536585367,9161.984669013851,172.86763526441229,3.1707317073170733,41,8917.255640505216,52,171.48568539433109,1.0138958931760296,64.95814268245555,14128.008883704133,0.6311756818606458,0.06,0.158,0.326,0.249,0.123,0.066,0.008
444,0,32,43,2.6875,7550.203946365747,175.5861382875755,3.03125,31,6465.754984146785,39,165.78858933709705,1.0208862007781616,52.155565749941715,10878.22932898971,0.5943756827148337,0.07,0.168,0.484,0.102,0.13,0.033,0.01
445,2,74,118,3.189189189189189,11170.359583971178,94.66406427094219,3.27027027027027,72,10086.1710560094,107,94.2632808972841,1.0516111052905848,86.78485910798786,12157.318528261678,0.829637804797369,0.246,0.158,0.182,0.098,0.171,0.08,0.012
446,1,207,446,4.309178743961352,29609.394509563695,66.38877692727286,2.922705314009662,175,19165.247008997852,286,67.01135317831417,1.0550587720452225,185.20164449817156,20282.487218743234,0.9449160155903892,0.321,0.122,0.108,0.181,0.126,0.075,0.011
447,0,28,55,3.9285714285714284,6659.278572159052,121.07779222107366,2.3214285714285716,18,3674.8024179070603,30,122.49341393023535,1.125982897985114,22.566565798864982,4607.092808973766,0.7976401974688296,0.128,0.217,0.147,0.202,0.112,0.055,0.001
448,0,48,87,3.625,8820.928463484168,101.38998233889848,2.7083333333333335,38,5391.205097849175,57,94.58254557630131,1.1671709560478372,45.1002798900552,6398.548917307638,0.842566833124669,0.093,0.082,0.091,0.487,0.063,0.015,0.011
449,1,101,218,4.316831683168317,16851.975182250626,77.30263845069095,2.8118811881188117,87,10233.570366688517,130,78.71977205145012,1.0544776732979122,124.49752621008403,14644.301091374056,0.6988090659182365,0.363,0.214,0.104,0.062,0.157,0.029,0.022
450,0,13,24,3.6923076923076925,2285.419721083801,95.22582171182505,2.230769230769231,8,1142.7098605419003,12,95.22582171182502,1.1599518089282568,10.385855523187967,1483.5024395638059,0.7702783831470417,0.476,0.079,0.246,0.016,0.07,0.082,0.0
451,1,160,348,4.35,30539.603889502774,87.75748244109992,2.4125,109,15818.185659531076,184,85.96840032353846,1.0941137352589,62.98233269423309,9140.057172731496,1.7306440605998779,0.349,0.317,0.123,0.051,0.098,0.0,0.0
452,3,185,382,4.129729729729729,132952.33356995945,348.04275803654303,2.1297297297297297,103,66476.16678497965,191,348.0427580365427,1.4488002882684206,1.8279464458804169,1179.7560467024987,56.347383826330216,0.109,0.109,0.154,0.148,0.24,0.0,0.088
453,0,12,20,3.3333333333333335,5265.541911291122,263.27709556455613,2.1666666666666665,7,2644.139377302518,11,240.37630702750164,1.1912061084015777,8.685089675983308,3280.6553725244326,0.8059790124397852,0.0,0.0,0.636,0.182,0.091,0.0,0.0
454,1,150,340,4.533333333333333,24530.83073954588,72.14950217513494,2.6266666666666665,112,13413.639390202392,188,71.34914569256591,1.0496929357303515,105.98607139362804,12693.383411235463,1.0567426316240789,0.241,0.491,0.07,0.006,0.071,0.019,0.0
455,0,28,56,4.0,16939.450769422834,302.49019231112203,2.1785714285714284,16,8469.725384711415,28,302.490192311122,1.2838010474083223,1.8611724465359667,985.2262197344454,8.596731608497302,0.103,0.151,0.078,0.078,0.36,0.026,0.054
456,0,30,48,3.2,6808.445761426303,141.84262002971465,2.8,25,3861.081215061311,33,117.00246106246396,1.1406952808477824,40.00331471009738,6178.241878693711,0.6249482119462881,0.079,0.053,0.032,0.633,0.047,0.026,0.0
457,0,31,74,4.774193548387097,11550.73714585609,156.0910425115688,2.7096774193548385,26,5797.583078958314,38,152.5679757620609,1.1891146918471618,19.230989847345057,4288.202358868724,1.3519844899501854,0.379,0.148,0.252,0.018,0.096,0.039,0.01
458,0,13,24,3.6923076923076925,4616.421186809661,192.35088278373587,2.4615384615384617,9,2308.210593404831,12,192.3508827837359,1.1857883775162534,21.813783654640993,5594.534057098165,0.41258316954496815,0.688,0.021,0.148,0.0,0.143,0.0,0.0
459,0,44,108,4.909090909090909,9413.357765423787,87.16072005022025,2.5,32,4706.678882711892,54,87.16072005022022,1.1283467774795084,61.24446293540145,9008.063136908911,0.5224962138006255,0.641,0.181,0.097,0.0,0.071,0.0,0.011
460,0,61,101,3.3114754098360657,22016.790690927734,217.98802664284884,2.4918032786885247,45,14472.952136246446,72,201.01322411453395,1.2819476481382783,10.128104040925404,3257.4125558941687,4.443082320063564,0.049,0.219,0.095,0.322,0.191,0.0,0.009
461,0,54,95,3.5185185185185186,8624.693195144717,90.78624415941808,2.5555555555555554,41,5480.931106622798,64,85.63954854098122,1.0772513538514512,48.71702153674425,6512.552164945228,0.8415949642790914,0.013,0.099,0.051,0.593,0.068,0.013,0.011
462,1,94,236,5.0212765957446805,19434.70158934494,82.350430463326,2.6808510638297873,71,9717.350794672466,118,82.35043046332598,1.0562864095437476,88.5305524427959,12116.654001870354,0.8019830221422906,0.443,0.261,0.151,0.031,0.101,0.004,0.0
463,0,16,18,2.25,1980.8123757853436,110.04513198807464,2.875,15,1874.5775421489066,17,110.2692671852298,1.0427831221057902,26.8374926454832,3353.9307333872835,0.5589195756155905,0.313,0.0,0.318,0.369,0.0,0.0,0.0
464,0,16,24,3.0,4445.318894999381,185.2216206249742,2.6875,15,3595.876165530235,18,199.77089808501307,1.4249012827472958,17.98723313136431,4311.9908600605795,0.8339248115845301,0.0,0.028,0.08,0.877,0.015,0.0,0.0
465,2,65,148,4.553846153846154,13248.530640932562,89.51709892522001,3.1538461538461537,58,7577.989726719113,87,87.10333019217371,1.0348839344303327,88.92185882045632,11618.085045210091,0.6522580698308255,0.355,0.277,0.104,0.132,0.072,0.008,0.001
466,0,51,105,4.117647058823529,12121.400162803657,115.44190631241578,2.3333333333333335,32,6188.968593663361,53,116.77299233327096,1.098582387849796,46.03747505159057,8903.890225807956,0.6950859047795328,0.446,0.216,0.135,0.08,0.084,0.014,0.0
467,0,13,24,3.6923076923076925,4511.819084670287,187.99246186126197,2.230769230769231,8,2255.9095423351437,12,187.99246186126197,1.2042825812741829,14.670121714413016,4136.80844534529,0.5453260822055898,0.267,0.149,0.265,0.106,0.106,0.027,0.0
468,2,58,142,4.896551724137931,13092.411621859585,92.20008184408158,2.7241379310344827,46,6546.20581092979,71,92.20008184408154,1.0890096449064388,80.41053260815418,11443.128169988222,0.5720643615701568,0.36,0.171,0.166,0.067,0.152,0.02,0.006
469,0,23,54,4.695652173913044,3022.7224668257404,55.97634197825445,2.608695652173913,17,1511.3612334128702,27,55.97634197825445,1.0883704343366105,49.410172668591116,4392.742323973221,0.3440587045510671,0.267,0.1,0.214,0.112,0.194,0.099,0.0
470,2,85,218,5.129411764705883,14747.761176970149,67.65028062830343,2.847058823529412,72,7393.274732621212,110,67.21158847837465,1.0340331553783266,185.01440894216898,18998.08826115258,0.38915887909306274,0.356,0.1,0.197,0.04,0.186,0.065,0.032
471,0,15,29,3.8666666666666667,3048.609522690862,105.1244662996849,2.6,11,1547.1675713887917,15,103.14450475925278,1.191082146574869,30.456479976596047,4283.752559858315,0.36117108767831446,0.426,0.11,0.204,0.195,0.041,0.0,0.0
472,0,104,212,4.076923076923077,34585.03034701151,163.1369355991109,2.1346153846153846,58,17292.51517350576,106,163.13693559911093,1.2391774689629598,4.224548933283577,1259.5358022417902,13.72927640701249,0.241,0.076,0.41,0.026,0.099,0.021,0.0
473,0,85,172,4.047058823529412,41559.087478355956,241.62260161834857,2.152941176470588,49,20779.543739177992,86,241.62260161834874,1.4339839752454486,3.5599161596977527,1509.6619091478776,13.764369103614014,0.433,0.035,0.368,0.033,0.058,0.033,0.008
474,0,57,121,4.245614035087719,19234.952278693418,158.96654775779683,2.3859649122807016,40,9782.85348788818,63,155.2833886966378,1.2756825735848338,18.774622646596487,4591.734566051022,2.1305354974605204,0.351,0.114,0.245,0.077,0.111,0.073,0.013
476,0,5,8,3.2,681.9695350926106,85.24619188657633,2.2,3,340.9847675463053,4,85.24619188657633,1.1113454458906584,33.548846859886844,3813.2152493217036,0.08942185144333507,0.468,0.21,0.07,0.032,0.128,0.024,0.04
477,0,40,71,3.55,22584.888315701337,318.0970185310047,2.825,36,13367.867262344425,47,284.42270770945584,1.0802895844272897,8.031007625536946,2982.1512200292714,4.482625553178089,0.635,0.0,0.07,0.07,0.226,0.0,0.0
478,0,4,6,3.0,1134.326875016386,189.0544791693977,2.5,3,567.163437508193,3,189.0544791693977,1.2584110338032215,34.57774716564475,6537.077981252086,0.08676100226045656,0.314,0.043,0.036,0.156,0.342,0.072,0.036
479,1,103,226,4.388349514563107,20727.120064489765,91.71292063933525,2.4466019417475726,67,11522.438531223455,120,96.02032109352879,1.0911960647999532,46.727150633531764,8035.980909165506,1.433855886601403,0.39,0.187,0.211,0.049,0.102,0.024,0.007
480,2,68,149,4.382352941176471,12174.934161998348,81.71096753019026,3.323529411764706,65,8396.121576095631,103,81.51574345723914,1.0070429113549901,67.15379766814448,8674.329992588742,0.9679273884287536,0.356,0.139,0.244,0.078,0.088,0.039,0.009
481,0,6,5,1.6666666666666667,2253.7871969208086,450.7574393841617,3.0,6,2253.787196920809,5,450.7574393841618,1.0159038862110445,4.697960735457736,1764.7006262018854,1.2771498822276561,0.385,0.191,0.19,0.032,0.134,0.007,0.007
482,0,23,37,3.217391304347826,3802.065572043983,102.7585289741617,2.217391304347826,13,2756.775060635031,24,114.86562752645962,1.1488541842141826,13.116735802193197,2781.530010494218,0.991100239880285,0.28,0.213,0.143,0.148,0.112,0.04,0.028
483,2,90,164,3.6444444444444444,16155.015494093801,98.50619203715732,3.3222222222222224,86,12993.419604427563,135,96.24755262538936,1.0219840491683119,109.45342999574324,16536.91096602942,0.785722293064225,0.226,0.154,0.28,0.147,0.108,0.062,0.006
484,0,23,31,2.6956521739130435,5202.797414096471,167.83217464827325,3.217391304347826,23,4907.1569082976,29,169.21230718267586,1.1030152575542025,31.387395497533834,6696.64672387792,0.732778226272618,0.35,0.066,0.09,0.243,0.135,0.008,0.0
485,3,230,490,4.260869565217392,195540.69791917875,399.0626488146505,2.1695652173913045,132,97770.34895958939,245,399.0626488146506,1.3038282439158246,1.220942504215565,904.333141642051,108.11319906075984,0.116,0.418,0.149,0.031,0.251,0.0,0.013
486,1,205,505,4.926829268292683,42290.44575154333,83.74345693374917,2.7170731707317075,151,22543.199261846323,272,82.8794090509056,1.0580046452511218,75.73906476832715,11307.290258134328,1.9936871476018774,0.314,0.212,0.23,0.042,0.152,0.013,0.003
487,0,56,121,4.321428571428571,8741.923161225624,72.24729885310434,2.6607142857142856,42,4630.709916526637,68,68.09867524303878,1.1010919245735649,76.54023854876212,8438.943849073028,0.54873097858511,0.337,0.224,0.184,0.064,0.084,0.05,0.0
488,1,110,261,4.745454545454545,22584.376023079225,86.53017633363687,2.7454545454545456,88,12799.400729850075,145,88.27172917137983,1.0710864558089266,83.18207331920108,12098.644204002554,1.0579202523879239,0.184,0.179,0.316,0.089,0.165,0.017,0.027
489,0,12,14,2.3333333333333335,2135.0998359995583,152.50713114282559,3.0833333333333335,12,2135.0998359995583,14,152.50713114282559,1.0964419365372202,27.69320973614933,4927.313963829484,0.4333192184774378,0.106,0.329,0.398,0.033,0.037,0.0,0.028
490,1,148,327,4.418918918918919,22320.591665523625,68.25869010863494,3.277027027027027,134,15899.434840864273,224,70.97961982528693,1.0085132519610538,188.26910629136376,22338.5999106514,0.7117471508714908,0.456,0.153,0.182,0.044,0.085,0.029,0.021
491,1,109,241,4.422018348623853,19621.206011217706,81.41579257766683,2.8073394495412844,93,11401.033118815309,148,77.0340075595629,1.122707428541661,116.63430403351478,14298.403904043827,0.7973640411424457,0.203,0.213,0.167,0.135,0.162,0.014,0.001
492,0,10,18,3.6,2422.5334279058566,134.58519043921424,1.9,4,1211.2667139529283,9,134.58519043921424,1.1993965206733397,0.9757798567805289,295.48241516600257,4.099285276494157,0.41,0.193,0.245,0.09,0.038,0.0,0.0
493,1,189,396,4.190476190476191,23564.37676887313,59.50600194159882,2.6296296296296298,141,14059.2491131117,235,59.826591970688085,1.0412553884871771,211.73725998346416,21112.53109670369,0.6659196402702648,0.342,0.285,0.084,0.082,0.124,0.025,0.009
495,0,2,2,2.0,721.1692019100075,360.58460095500374,3.0,2,360.5846009550038,1,360.5846009550038,1.0514148863722865,18.07945298932701,3259.5861708206153,0.11062281592151467,0.425,0.223,0.024,0.018,0.27,0.0,0.0
496,0,13,28,4.3076923076923075,7434.1362155204915,265.50486484001755,2.923076923076923,12,3717.068107760245,14,265.5048648400175,1.0527672192492077,13.196001126262463,4087.5362446998724,0.9093663970759899,0.109,0.252,0.362,0.059,0.156,0.0,0.042
497,2,70,181,5.171428571428572,10914.962267165885,60.30365893461815,2.8714285714285714,58,5667.687950541193,94,60.294552665331835,1.0191064252322481,169.45895550553598,16559.31862465556,0.342265770652087,0.469,0.105,0.096,0.128,0.127,0.032,0.01
498,0,11,17,3.090909090909091,8654.057041182366,509.0621788930804,2.6363636363636362,9,5874.140328965557,12,489.5116940804631,1.2845322114135889,2.3528281745530593,1535.649207474282,3.8251837075648885,0.095,0.357,0.452,0.0,0.071,0.0,0.024
499,2,68,123,3.6176470588235294,10865.734212852713,88.33930254351799,2.8970588235294117,60,7605.7485139217615,93,81.78224208518023,1.0734491191883566,62.25331602902977,7891.384431241582,0.9638040802841891,0.08,0.239,0.222,0.104,0.107,0.131,0.025
500,0,10,12,2.4,843.1267348967995,70.26056124139996,3.3,10,843.1267348967995,12,70.26056124139996,1.0010457230414336,22.997717314460516,1938.9990309420687,0.4348257639340664,0.072,0.092,0.272,0.186,0.203,0.029,0.0
501,0,20,38,3.8,9738.833537876835,256.28509310202196,2.1,11,4869.416768938416,19,256.2850931020219,1.2317320705068455,6.174452578624263,2733.271175033457,1.7815344534480049,0.18,0.0,0.105,0.548,0.075,0.0,0.0
502,1,99,234,4.7272727272727275,29354.90624223053,125.44831727448944,2.474747474747475,69,14677.453121115263,117,125.44831727448943,1.196241653962199,39.72377793845936,8449.911427323623,1.7369949078583558,0.519,0.249,0.125,0.018,0.089,0.0,0.0
503,0,10,18,3.6,2383.9289164079646,132.44049535599802,2.2,6,1191.9644582039825,9,132.44049535599805,1.6227973779429685,14.697611491173337,2919.838419661509,0.4082295959179017,0.493,0.345,0.085,0.0,0.07,0.0,0.0
504,3,115,249,4.3304347826086955,102244.52674828563,410.6205893505447,2.3043478260869565,74,51194.59473797338,126,406.30630744423314,1.366852191906104,2.083551714785858,1441.4403466766416,35.51627707383569,0.408,0.323,0.061,0.091,0.083,0.001,0.006
505,1,104,239,4.596153846153846,15624.705968851371,65.3753387818049,2.644230769230769,83,8442.59341364037,129,65.44646057085558,1.0786824530820314,167.36605287735958,17024.13898420942,0.4959189666785038,0.426,0.164,0.115,0.075,0.117,0.041,0.021
506,0,40,93,4.65,10395.41167747896,111.7786201879458,2.6,31,5218.656887327022,47,111.03525292185152,1.1071851683598348,31.889678511368587,5368.4287225160715,0.9721013646766172,0.261,0.057,0.049,0.074,0.103,0.0,0.025
507,2,67,170,5.074626865671642,14496.46489317326,85.27332290101918,2.656716417910448,47,7248.23244658663,85,85.27332290101918,1.1161631645873429,65.09690508539782,10039.095736432993,0.7220005304145063,0.213,0.14,0.281,0.077,0.141,0.022,0.019
508,2,75,154,4.1066666666666665,9966.189244330728,64.71551457357616,2.8266666666666667,63,5831.568983472693,98,59.505805953802984,1.0211923330523538,239.33869474496564,22154.28744158064,0.2632253011454395,0.326,0.181,0.191,0.121,0.101,0.024,0.0
509,0,28,53,3.7857142857142856,10318.843368258465,194.69515789166917,2.642857142857143,23,6218.565136213775,31,200.59887536173468,1.1191641591503412,11.287761714289692,3051.899194016109,2.0376050258824345,0.146,0.151,0.079,0.342,0.212,0.0,0.021
510,3,110,230,4.181818181818182,97581.73927488971,424.2684316299553,2.2545454545454544,69,48790.869637444855,115,424.2684316299553,1.396675699003509,3.9746223637722755,2810.511327665015,17.360139828356616,0.139,0.08,0.0,0.184,0.355,0.134,0.084
511,0,51,86,3.372549019607843,10614.382928450323,123.42305730756189,2.392156862745098,34,6302.432038958957,54,116.71170442516586,1.131887519920026,44.54491805280197,8257.097609081775,0.7632744987811539,0.045,0.019,0.045,0.714,0.08,0.057,0.0
512,2,62,135,4.354838709677419,10489.030190187485,77.6965199273147,3.032258064516129,58,6143.5101643189655,85,72.27659016845841,1.1145557313841596,70.73654429297065,7492.597911252826,0.8199439282724994,0.264,0.219,0.179,0.123,0.157,0.023,0.014
